catalognumber	CP	P	day	month	ANO	state	Amb	Longitude	Latitude
3747	10.9	24	09	10	1985	SãoPaulo	Grande	-49.4030600000	-20.6452800000
1191	12.1	22	09	01	1990	SãoPaulo	Grande	-49.3933300000	-21.1911100000
13036	7.3	6	15	10	1991	SãoPaulo	Grande	-49.3933300000	-21.1911100000
18337	5.3	2	17	01	1997	SãoPaulo	Grande	-49.3933300000	-21.1911100000
4140	15.3	56	04	01	1999	SãoPaulo	Grande	-49.3894400000	-20.8736100000
4140	17.2	92	04	01	1999	SãoPaulo	Grande	-49.3894400000	-20.8736100000
4097	6	5	27	03	1999	SãoPaulo	Grande	-49.3744400000	-20.8822200000
4086	19.4	129	28	03	1999	SãoPaulo	Grande	-49.3469400000	-20.9083300000
4118	6.5	4	25	04	1999	SãoPaulo	Grande	-49.3588900000	-20.8608300000
4118	8.1	9	25	04	1999	SãoPaulo	Grande	-49.3588900000	-20.8608300000
716	5.3	3	26	09	2001	SãoPaulo	Grande	-50.3727800000	-20.1719400000
716	5.4	3	26	09	2001	SãoPaulo	Grande	-50.3727800000	-20.1719400000
5134	6.9	5	18	03	2002	SãoPaulo	Grande	-50.5177800000	-20.1588900000
7214	8	7	15	10	2002	SãoPaulo	Grande	-49.3933300000	-21.1911100000
7214	4.6	2	15	10	2002	SãoPaulo	Grande	-49.3933300000	-21.1911100000
6979	6.5	5	06	02	2003	SãoPaulo	Grande	-50.3116700000	-21.2986100000
8457	16.1	70	17	02	2003	SãoPaulo	Grande	-47.7988900000	-22.4025000000
8457	10.8	18	17	02	2003	SãoPaulo	Grande	-47.7988900000	-22.4025000000
8457	6	3	17	02	2003	SãoPaulo	Grande	-47.7988900000	-22.4025000000
8457	6.3	4	17	02	2003	SãoPaulo	Grande	-47.7988900000	-22.4025000000
8457	6.2	3	17	02	2003	SãoPaulo	Grande	-47.7988900000	-22.4025000000
8457	4.7	1	17	02	2003	SãoPaulo	Grande	-47.7988900000	-22.4025000000
8457	5.2	2	17	02	2003	SãoPaulo	Grande	-47.7988900000	-22.4025000000
5864	5.5	2	15	03	2003	SãoPaulo	Grande	-49.7100000000	-20.7147200000
5878	11.5	22	16	03	2003	SãoPaulo	Grande	-49.8113900000	-20.7172200000
5878	10.6	17	16	03	2003	SãoPaulo	Grande	-49.8113900000	-20.7172200000
5878	10.1	15	16	03	2003	SãoPaulo	Grande	-49.8113900000	-20.7172200000
5878	8.5	9	16	03	2003	SãoPaulo	Grande	-49.8113900000	-20.7172200000
5878	7	6	16	03	2003	SãoPaulo	Grande	-49.8113900000	-20.7172200000
5561	5.5	3	21	05	2003	MinasGerais	Pequeno	-47.8230600000	-19.6611100000
5896	10.7	19	12	04	2003	SãoPaulo	Grande	-49.8925000000	-20.6255600000
5896	6.1	3	12	04	2003	SãoPaulo	Grande	-49.8925000000	-20.6255600000
5909	4.4	2	12	04	2003	SãoPaulo	Grande	-49.9683300000	-20.6127800000
5930	12.8	40	12	04	2003	SãoPaulo	Grande	-50.0211100000	-20.6741700000
5930	8.4	10	12	04	2003	SãoPaulo	Grande	-50.0211100000	-20.6741700000
5947	12.2	26	17	04	2003	SãoPaulo	Grande	-50.0213900000	-20.6313900000
5947	5.4	12	17	04	2003	SãoPaulo	Grande	-50.0213900000	-20.6313900000
5947	13.2	38	17	04	2003	SãoPaulo	Grande	-50.0213900000	-20.6313900000
5947	13.1	39	17	04	2003	SãoPaulo	Grande	-50.0213900000	-20.6313900000
5966	13.5	45	17	04	2003	SãoPaulo	Grande	-50.2816700000	-20.5975000000
5966	13	51	17	04	2003	SãoPaulo	Grande	-50.2816700000	-20.5975000000
5977	10.4	22	23	05	2003	SãoPaulo	Grande	-49.8869400000	-20.4758300000
5996	15.6	76	24	05	2003	SãoPaulo	Grande	-50.2633300000	-20.4441700000
6006	5.3	2	24	05	2003	SãoPaulo	Pequeno	-50.2844400000	-20.3294400000
6035	9.4	15	03	06	2003	SãoPaulo	Pequeno	-50.3208300000	-20.5283300000
6035	12.6	37	03	06	2003	SãoPaulo	Pequeno	-50.3208300000	-20.5283300000
6035	7	6	03	06	2003	SãoPaulo	Pequeno	-50.3208300000	-20.5283300000
6054	7	4	03	06	2003	SãoPaulo	Grande	-50.3716700000	-20.6286100000
6070	6.2	4	03	07	2003	SãoPaulo	Grande	-50.3716700000	-20.6286100000
6070	5.4	3	03	07	2003	SãoPaulo	Grande	-50.3716700000	-20.6286100000
6082	13.6	38	03	07	2003	SãoPaulo	Grande	-50.7580600000	-20.5969400000
6082	4.3	1	03	07	2003	SãoPaulo	Grande	-50.7580600000	-20.5969400000
6104	8.3	10	14	07	2003	SãoPaulo	Grande	-50.5858300000	-20.3830600000
6104	6.6	6	14	07	2003	SãoPaulo	Grande	-50.5858300000	-20.3830600000
6104	7	6	14	07	2003	SãoPaulo	Grande	-50.5858300000	-20.3830600000
6117	6.1	4	15	07	2003	SãoPaulo	Grande	-50.5850000000	-20.4633300000
6117	5.5	2	15	07	2003	SãoPaulo	Grande	-50.5850000000	-20.4633300000
6117	4.3	1	15	07	2003	SãoPaulo	Grande	-50.5850000000	-20.4633300000
6135	5.2	3	15	07	2003	SãoPaulo	Grande	-50.6786100000	-20.3475000000
6172	8.6	11	16	07	2003	SãoPaulo	Grande	-50.9269400000	-20.5188900000
7180	7.2	5	01	06	2003	SãoPaulo	Grande	-49.3933300000	-21.1911100000
7199	8.3	8	23	06	2003	SãoPaulo	Grande	-49.3933300000	-21.1911100000
7964	12.5	20	12	09	2003	SãoPaulo	Pequeno	-47.6977800000	-22.4608300000
7964	11.3	15	12	09	2003	SãoPaulo	Pequeno	-47.6977800000	-22.4608300000
7964	9.9	14	12	09	2003	SãoPaulo	Pequeno	-47.6977800000	-22.4608300000
5809	10.2	20	16	10	2003	SãoPaulo	Grande	-49.3444400000	-20.8375000000
5809	9.4	16	16	10	2003	SãoPaulo	Grande	-49.3444400000	-20.8375000000
7233	7.5	8	01	12	2003	SãoPaulo	Grande	-49.3933300000	-21.1911100000
7233	6	4	01	12	2003	SãoPaulo	Grande	-49.3933300000	-21.1911100000
7977	12.4	25	28	01	2004	SãoPaulo	Pequeno	-47.6983300000	-22.4616700000
7977	12.4	24	28	01	2004	SãoPaulo	Pequeno	-47.6983300000	-22.4616700000
7977	15.9	61	28	01	2004	SãoPaulo	Pequeno	-47.6983300000	-22.4616700000
7977	12.4	31	28	01	2004	SãoPaulo	Pequeno	-47.6983300000	-22.4616700000
7977	10.3	12	28	01	2004	SãoPaulo	Pequeno	-47.6983300000	-22.4616700000
7977	7.6	6	28	01	2004	SãoPaulo	Pequeno	-47.6983300000	-22.4616700000
7977	11.2	18	28	01	2004	SãoPaulo	Pequeno	-47.6983300000	-22.4616700000
7977	11.6	22	28	01	2004	SãoPaulo	Pequeno	-47.6983300000	-22.4616700000
7977	9.3	11	28	01	2004	SãoPaulo	Pequeno	-47.6983300000	-22.4616700000
7977	6.2	4	28	01	2004	SãoPaulo	Pequeno	-47.6983300000	-22.4616700000
7977	5.8	2	28	01	2004	SãoPaulo	Pequeno	-47.6983300000	-22.4616700000
7977	6.1	3	28	01	2004	SãoPaulo	Pequeno	-47.6983300000	-22.4616700000
7977	5.2	2	28	01	2004	SãoPaulo	Pequeno	-47.6983300000	-22.4616700000
7977	4.7	2	28	01	2004	SãoPaulo	Pequeno	-47.6983300000	-22.4616700000
7977	4.6	2	28	01	2004	SãoPaulo	Pequeno	-47.6983300000	-22.4616700000
6553	13.4	41	12	03	2004	SãoPaulo	Pequeno	-49.4913900000	-21.0352800000
6443	13.6	38	17	04	2004	SãoPaulo	Grande	-49.4577800000	-20.7850000000
6443	10.3	18	17	04	2004	SãoPaulo	Grande	-49.4577800000	-20.7850000000
6443	6.2	3	17	04	2004	SãoPaulo	Grande	-49.4577800000	-20.7850000000
6443	5.2	2	17	04	2004	SãoPaulo	Grande	-49.4577800000	-20.7850000000
8052	7.7	8	17	04	2004	SãoPaulo	Grande	-49.6688900000	-20.8341700000
8072	9	12	17	04	2004	SãoPaulo	Grande	-49.6902800000	-20.8016700000
6562	12.2	33	10	06	2004	SãoPaulo	Grande	-49.3519400000	-20.8411100000
6580	9.2	13	10	06	2004	SãoPaulo	Grande	-49.3191700000	-20.8377800000
6580	9.8	15	10	06	2004	SãoPaulo	Grande	-49.3191700000	-20.8377800000
6580	6.9	6	10	06	2004	SãoPaulo	Grande	-49.3191700000	-20.8377800000
6585	12.5	29	11	06	2004	SãoPaulo	Grande	-49.4577800000	-20.7850000000
6585	11	18	11	06	2004	SãoPaulo	Grande	-49.4577800000	-20.7850000000
6585	5.6	3	11	06	2004	SãoPaulo	Grande	-49.4577800000	-20.7850000000
7381	5.2	3	23	06	2004	SãoPaulo	Grande	-50.6877800000	-20.2222200000
7419	13.2	44	24	06	2004	SãoPaulo	Grande	-50.7758300000	-20.1430600000
7437	11	19	24	06	2004	SãoPaulo	Grande	-50.9411100000	-20.0791700000
7437	9.5	15	24	06	2004	SãoPaulo	Grande	-50.9411100000	-20.0791700000
7437	10.9	19	24	06	2004	SãoPaulo	Grande	-50.9411100000	-20.0791700000
7437	10.3	17	24	06	2004	SãoPaulo	Grande	-50.9411100000	-20.0791700000
7437	12.3	38	24	06	2004	SãoPaulo	Grande	-50.9411100000	-20.0791700000
7437	7.4	7	24	06	2004	SãoPaulo	Grande	-50.9411100000	-20.0791700000
7437	10.9	23	24	06	2004	SãoPaulo	Grande	-50.9411100000	-20.0791700000
7437	11.3	28	24	06	2004	SãoPaulo	Grande	-50.9411100000	-20.0791700000
7437	11	25	24	06	2004	SãoPaulo	Grande	-50.9411100000	-20.0791700000
7437	10.1	19	24	06	2004	SãoPaulo	Grande	-50.9411100000	-20.0791700000
7437	7.3	6	24	06	2004	SãoPaulo	Grande	-50.9411100000	-20.0791700000
7437	5.8	4	24	06	2004	SãoPaulo	Grande	-50.9411100000	-20.0791700000
7437	9.3	14	24	06	2004	SãoPaulo	Grande	-50.9411100000	-20.0791700000
7437	10.4	16	24	06	2004	SãoPaulo	Grande	-50.9411100000	-20.0791700000
7437	7.7	8	24	06	2004	SãoPaulo	Grande	-50.9411100000	-20.0791700000
7437	8.8	10	24	06	2004	SãoPaulo	Grande	-50.9411100000	-20.0791700000
7437	13.3	44	24	06	2004	SãoPaulo	Grande	-50.9411100000	-20.0791700000
7437	6.3	5	24	06	2004	SãoPaulo	Grande	-50.9411100000	-20.0791700000
7437	5.8	4	24	06	2004	SãoPaulo	Grande	-50.9411100000	-20.0791700000
7437	6.6	6	24	06	2004	SãoPaulo	Grande	-50.9411100000	-20.0791700000
7437	7.7	8	24	06	2004	SãoPaulo	Grande	-50.9411100000	-20.0791700000
7437	7	5	24	06	2004	SãoPaulo	Grande	-50.9411100000	-20.0791700000
7437	10.2	19	24	06	2004	SãoPaulo	Grande	-50.9411100000	-20.0791700000
7437	5.9	3	24	06	2004	SãoPaulo	Grande	-50.9411100000	-20.0791700000
7437	5.5	3	24	06	2004	SãoPaulo	Grande	-50.9411100000	-20.0791700000
7437	9.5	15	24	06	2004	SãoPaulo	Grande	-50.9411100000	-20.0791700000
7437	7.8	6	24	06	2004	SãoPaulo	Grande	-50.9411100000	-20.0791700000
7437	9.1	13	24	06	2004	SãoPaulo	Grande	-50.9411100000	-20.0791700000
7437	5	2	24	06	2004	SãoPaulo	Grande	-50.9411100000	-20.0791700000
7437	4.7	2	24	06	2004	SãoPaulo	Grande	-50.9411100000	-20.0791700000
7437	6.7	4	24	06	2004	SãoPaulo	Grande	-50.9411100000	-20.0791700000
7437	9	15	24	06	2004	SãoPaulo	Grande	-50.9411100000	-20.0791700000
7437	7.1	6	24	06	2004	SãoPaulo	Grande	-50.9411100000	-20.0791700000
7437	6.7	5	24	06	2004	SãoPaulo	Grande	-50.9411100000	-20.0791700000
7437	12.3	38	24	06	2004	SãoPaulo	Grande	-50.9411100000	-20.0791700000
7437	9.2	45	24	06	2004	SãoPaulo	Grande	-50.9411100000	-20.0791700000
7437	14.4	54	24	06	2004	SãoPaulo	Grande	-50.9411100000	-20.0791700000
7437	18.3	88	24	06	2004	SãoPaulo	Grande	-50.9411100000	-20.0791700000
7289	10.9	23	14	07	2004	SãoPaulo	Grande	-50.0502800000	-20.3719400000
7297	11.2	22	20	07	2004	SãoPaulo	Grande	-50.1863900000	-20.1358300000
7306	18.9	117	20	07	2004	SãoPaulo	Grande	-50.2069400000	-20.0877800000
7306	14.8	72	20	07	2004	SãoPaulo	Grande	-50.2069400000	-20.0877800000
7306	5.8	4	20	07	2004	SãoPaulo	Grande	-50.2069400000	-20.0877800000
7362	14.4	48	19	07	2004	SãoPaulo	Grande	-50.4913900000	-20.1288900000
7269	6	4	21	07	2004	SãoPaulo	Grande	-49.9252800000	-20.2888900000
6662	10.7	21	13	08	2004	SãoPaulo	Grande	-49.3519400000	-20.8411100000
6662	11.3	26	13	08	2004	SãoPaulo	Grande	-49.3519400000	-20.8411100000
6662	11.6	28	13	08	2004	SãoPaulo	Grande	-49.3519400000	-20.8411100000
6662	13.8	56	13	08	2004	SãoPaulo	Grande	-49.3519400000	-20.8411100000
6662	7.9	7	13	08	2004	SãoPaulo	Grande	-49.3519400000	-20.8411100000
6662	4	2	13	08	2004	SãoPaulo	Grande	-49.3519400000	-20.8411100000
6662	4.8	2	13	08	2004	SãoPaulo	Grande	-49.3519400000	-20.8411100000
6677	5.5	3	14	08	2004	SãoPaulo	Grande	-49.4577800000	-20.7850000000
6679	13.5	36	14	08	2004	SãoPaulo	Grande	-49.3191700000	-20.8377800000
8122	7	6	15	08	2004	SãoPaulo	Grande	-49.6561100000	-20.8522200000
8122	6.8	6	15	08	2004	SãoPaulo	Grande	-49.6561100000	-20.8522200000
8136	6	4	15	08	2004	SãoPaulo	Grande	-49.6688900000	-20.8341700000
8159	7.6	7	19	09	2004	SãoPaulo	Grande	-49.6561100000	-20.8522200000
8159	7.1	5	19	09	2004	SãoPaulo	Grande	-49.6561100000	-20.8522200000
6893	4.3	2	23	10	2004	SãoPaulo	Grande	-49.3519400000	-20.8411100000
6910	8.1	8	23	10	2004	SãoPaulo	Grande	-49.4577800000	-20.7850000000
6910	3.2	1	23	10	2004	SãoPaulo	Grande	-49.4577800000	-20.7850000000
7078	11	25	12	12	2004	SãoPaulo	Grande	-49.3191700000	-20.8377800000
7085	6.5	6	12	12	2004	SãoPaulo	Grande	-49.3519400000	-20.8411100000
7085	6.9	6	12	12	2004	SãoPaulo	Grande	-49.3519400000	-20.8411100000
7101	5.3	2	12	12	2004	SãoPaulo	Grande	-49.4577800000	-20.7850000000
7101	6	4	12	12	2004	SãoPaulo	Grande	-49.4577800000	-20.7850000000
7101	4.7	2	12	12	2004	SãoPaulo	Grande	-49.4577800000	-20.7850000000
7101	4.4	2	12	12	2004	SãoPaulo	Grande	-49.4577800000	-20.7850000000
7101	3.7	1	12	12	2004	SãoPaulo	Grande	-49.4577800000	-20.7850000000
8225	7.5	8	15	01	2005	SãoPaulo	Grande	-49.6902800000	-20.8016700000
8235	4.1	1	01	02	2005	SãoPaulo	Grande	-49.6902800000	-20.8016700000
8254	12.4	36	01	02	2005	SãoPaulo	Grande	-49.6688900000	-20.8341700000
8254	11.8	24	01	02	2005	SãoPaulo	Grande	-49.6688900000	-20.8341700000
8254	8.3	11	01	02	2005	SãoPaulo	Grande	-49.6688900000	-20.8341700000
8254	7.8	7	01	02	2005	SãoPaulo	Grande	-49.6688900000	-20.8341700000
7119	8	8	20	02	2005	SãoPaulo	Grande	-49.4577800000	-20.7850000000
7119	9.2	14	20	02	2005	SãoPaulo	Grande	-49.4577800000	-20.7850000000
7119	5.9	3	20	02	2005	SãoPaulo	Grande	-49.4577800000	-20.7850000000
7119	5.3	2	20	02	2005	SãoPaulo	Grande	-49.4577800000	-20.7850000000
7144	7.5	9	20	02	2005	SãoPaulo	Grande	-49.3519400000	-20.8411100000
7144	5.9	4	20	02	2005	SãoPaulo	Grande	-49.3519400000	-20.8411100000
7144	4.5	2	20	02	2005	SãoPaulo	Grande	-49.3519400000	-20.8411100000
8287	10	15	02	04	2005	SãoPaulo	Grande	-49.6688900000	-20.8341700000
8287	10.1	17	02	04	2005	SãoPaulo	Grande	-49.6688900000	-20.8341700000
8287	9.1	12	02	04	2005	SãoPaulo	Grande	-49.6688900000	-20.8341700000
8287	8	9	02	04	2005	SãoPaulo	Grande	-49.6688900000	-20.8341700000
8287	7.1	6	02	04	2005	SãoPaulo	Grande	-49.6688900000	-20.8341700000
7605	10	16	27	04	2005	SãoPaulo	Pequeno	-47.8927800000	-24.6036100000
7605	7.5	6	27	04	2005	SãoPaulo	Pequeno	-47.8927800000	-24.6036100000
7605	7.9	8	27	04	2005	SãoPaulo	Pequeno	-47.8927800000	-24.6036100000
7582	16.7	77	30	04	2005	SãoPaulo	Pequeno	-49.4913900000	-21.0352800000
7582	14.9	55	30	04	2005	SãoPaulo	Pequeno	-49.4913900000	-21.0352800000
7582	11.4	25	30	04	2005	SãoPaulo	Pequeno	-49.4913900000	-21.0352800000
7594	8.2	9	30	04	2005	SãoPaulo	Pequeno	-49.4888900000	-20.9988900000
7650	5.1	3	30	04	2005	SãoPaulo	Pequeno	-49.4877800000	-20.9888900000
16119	6.7	5	08	07	2005	SãoPaulo	Grande	-49.8327800000	-20.3691700000
16119	5.7	3	08	07	2005	SãoPaulo	Grande	-49.8327800000	-20.3691700000
16119	5.8	3	08	07	2005	SãoPaulo	Grande	-49.8327800000	-20.3691700000
16119	5	2	08	07	2005	SãoPaulo	Grande	-49.8327800000	-20.3691700000
9578	14.2	52	08	07	2005	SãoPaulo	Grande	-49.8138900000	-20.4261100000
9578	9.5	15	08	07	2005	SãoPaulo	Grande	-49.8138900000	-20.4261100000
9578	6.2	4	08	07	2005	SãoPaulo	Grande	-49.8138900000	-20.4261100000
9578	5	2	08	07	2005	SãoPaulo	Grande	-49.8138900000	-20.4261100000
9644	8.7	12	09	07	2005	SãoPaulo	Grande	-49.6855600000	-20.4022200000
9674	18	92	09	07	2005	SãoPaulo	Grande	-49.6161100000	-20.4233300000
9674	6.1	2	09	07	2005	SãoPaulo	Grande	-49.6161100000	-20.4233300000
9674	4.8	2	09	07	2005	SãoPaulo	Grande	-49.6161100000	-20.4233300000
9674	4.9	2	09	07	2005	SãoPaulo	Grande	-49.6161100000	-20.4233300000
9680	9.2	14	09	07	2005	SãoPaulo	Grande	-49.3830600000	-20.3252800000
9680	5.1	2	09	07	2005	SãoPaulo	Grande	-49.3830600000	-20.3252800000
7687	7.7	8	11	07	2005	SãoPaulo	Grande	-51.1002800000	-21.2833300000
7730	7.4	6	11	07	2005	SãoPaulo	Grande	-51.0836100000	-21.2875000000
7730	4.9	2	11	07	2005	SãoPaulo	Grande	-51.0836100000	-21.2875000000
7754	5.6	3	12	07	2005	SãoPaulo	Grande	-51.0688900000	-21.2769400000
7754	3.3	1	12	07	2005	SãoPaulo	Grande	-51.0688900000	-21.2769400000
16081	7.8	8	13	07	2005	SãoPaulo	Pequeno	-49.8233300000	-20.1100000000
9511	16	68	13	07	2005	SãoPaulo	Grande	-49.9233300000	-20.1033300000
9511	13.4	41	13	07	2005	SãoPaulo	Grande	-49.9233300000	-20.1033300000
9511	6	4	13	07	2005	SãoPaulo	Grande	-49.9233300000	-20.1033300000
9511	5.4	3	13	07	2005	SãoPaulo	Grande	-49.9233300000	-20.1033300000
9528	6.5	5	13	07	2005	SãoPaulo	Pequeno	-49.8677800000	-20.1908300000
9528	7.2	7	13	07	2005	SãoPaulo	Pequeno	-49.8677800000	-20.1908300000
9596	15.4	50	14	07	2005	SãoPaulo	Grande	-49.8677800000	-20.1908300000
9596	11.9	27	14	07	2005	SãoPaulo	Grande	-49.8677800000	-20.1908300000
9596	15.9	60	14	07	2005	SãoPaulo	Grande	-49.8677800000	-20.1908300000
9596	13.3	37	14	07	2005	SãoPaulo	Grande	-49.8677800000	-20.1908300000
9596	11.5	22	14	07	2005	SãoPaulo	Grande	-49.8677800000	-20.1908300000
9596	10.3	17	14	07	2005	SãoPaulo	Grande	-49.8677800000	-20.1908300000
9596	5.3	2	14	07	2005	SãoPaulo	Grande	-49.8677800000	-20.1908300000
9596	9.7	16	14	07	2005	SãoPaulo	Grande	-49.8677800000	-20.1908300000
9596	6.7	5	14	07	2005	SãoPaulo	Grande	-49.8677800000	-20.1908300000
9596	9.7	13	14	07	2005	SãoPaulo	Grande	-49.8677800000	-20.1908300000
9596	5.4	3	14	07	2005	SãoPaulo	Grande	-49.8677800000	-20.1908300000
9619	5.5	3	15	07	2005	SãoPaulo	Grande	-49.5566700000	-20.1519400000
9633	12.9	32	15	07	2005	SãoPaulo	Grande	-49.5469400000	-20.2072200000
9633	13.3	41	15	07	2005	SãoPaulo	Grande	-49.5469400000	-20.2072200000
9633	8.2	8	15	07	2005	SãoPaulo	Grande	-49.5469400000	-20.2072200000
9633	21.4	143	15	07	2005	SãoPaulo	Grande	-49.5469400000	-20.2072200000
9633	9.2	12	15	07	2005	SãoPaulo	Grande	-49.5469400000	-20.2072200000
9761	13	42	16	07	2005	SãoPaulo	Grande	-49.3416700000	-20.9055600000
9761	10.1	11	16	07	2005	SãoPaulo	Grande	-49.3416700000	-20.9055600000
9779	10.8	24	16	07	2005	SãoPaulo	Grande	-49.4650000000	-20.8122200000
9779	8.3	10	16	07	2005	SãoPaulo	Grande	-49.4650000000	-20.8122200000
9779	9.7	16	16	07	2005	SãoPaulo	Grande	-49.4650000000	-20.8122200000
9779	7.4	7	16	07	2005	SãoPaulo	Grande	-49.4650000000	-20.8122200000
9779	6.8	6	16	07	2005	SãoPaulo	Grande	-49.4650000000	-20.8122200000
9779	6.3	5	16	07	2005	SãoPaulo	Grande	-49.4650000000	-20.8122200000
9779	6.5	5	16	07	2005	SãoPaulo	Grande	-49.4650000000	-20.8122200000
9779	6.7	6	16	07	2005	SãoPaulo	Grande	-49.4650000000	-20.8122200000
9779	3.8	1	16	07	2005	SãoPaulo	Grande	-49.4650000000	-20.8122200000
9738	8.8	14	28	07	2005	SãoPaulo	Grande	-49.2233300000	-20.7202800000
9749	6.8	5	28	07	2005	SãoPaulo	Grande	-49.0816700000	-20.6947200000
9749	6	5	28	07	2005	SãoPaulo	Grande	-49.0816700000	-20.6947200000
9749	9.2	14	28	07	2005	SãoPaulo	Grande	-49.0816700000	-20.6947200000
9759	16.8	88	28	07	2005	SãoPaulo	Grande	-49.0383300000	-20.6769400000
9759	14.2	52	28	07	2005	SãoPaulo	Grande	-49.0383300000	-20.6769400000
9699	9.3	14	29	07	2005	SãoPaulo	Grande	-49.5561100000	-20.6522200000
9891	9.3	15	16	08	2005	SãoPaulo	Grande	-48.6041700000	-21.1663900000
9891	9	10	16	08	2005	SãoPaulo	Grande	-48.6041700000	-21.1663900000
9891	5.5	3	16	08	2005	SãoPaulo	Grande	-48.6041700000	-21.1663900000
9891	7.9	9	16	08	2005	SãoPaulo	Grande	-48.6041700000	-21.1663900000
9891	8.4	11	16	08	2005	SãoPaulo	Grande	-48.6041700000	-21.1663900000
9891	8.5	11	16	08	2005	SãoPaulo	Grande	-48.6041700000	-21.1663900000
9891	6.6	6	16	08	2005	SãoPaulo	Grande	-48.6041700000	-21.1663900000
9874	7.1	6	16	08	2005	SãoPaulo	Grande	-48.7427800000	-21.2144400000
9815	6.2	4	17	08	2005	SãoPaulo	Grande	-48.8302800000	-20.9391700000
9815	9.4	18	17	08	2005	SãoPaulo	Grande	-48.8302800000	-20.9391700000
9815	5.3	3	17	08	2005	SãoPaulo	Grande	-48.8302800000	-20.9391700000
9815	5.4	3	17	08	2005	SãoPaulo	Grande	-48.8302800000	-20.9391700000
9838	10.4	22	17	08	2005	SãoPaulo	Grande	-48.8086100000	-20.7725000000
9838	14.2	49	17	08	2005	SãoPaulo	Grande	-48.8086100000	-20.7725000000
9838	11.7	25	17	08	2005	SãoPaulo	Grande	-48.8086100000	-20.7725000000
9838	8.1	10	17	08	2005	SãoPaulo	Grande	-48.8086100000	-20.7725000000
9838	10.1	19	17	08	2005	SãoPaulo	Grande	-48.8086100000	-20.7725000000
9838	11.3	22	17	08	2005	SãoPaulo	Grande	-48.8086100000	-20.7725000000
9838	7.2	7	17	08	2005	SãoPaulo	Grande	-48.8086100000	-20.7725000000
9838	6.8	6	17	08	2005	SãoPaulo	Grande	-48.8086100000	-20.7725000000
9851	7.3	7	18	08	2005	SãoPaulo	Pequeno	-48.8002800000	-21.0519400000
9851	6.5	5	18	08	2005	SãoPaulo	Pequeno	-48.8002800000	-21.0519400000
9861	9	13	18	08	2005	SãoPaulo	Grande	-48.9516700000	-21.2122200000
9861	6.3	4	18	08	2005	SãoPaulo	Grande	-48.9516700000	-21.2122200000
8375	12.2	29	17	01	2006	SãoPaulo	Pequeno	-47.5813900000	-21.7269400000
8400	5.7	3	19	01	2006	SãoPaulo	Grande	-47.5933300000	-21.7152800000
8533	14.5	45	15	05	2006	SãoPaulo	Grande	-49.4888900000	-20.9988900000
8533	13.3	41	15	05	2006	SãoPaulo	Grande	-49.4888900000	-20.9988900000
8533	14	50	15	05	2006	SãoPaulo	Grande	-49.4888900000	-20.9988900000
8533	16.7	75	15	05	2006	SãoPaulo	Grande	-49.4888900000	-20.9988900000
8545	17.3	82	15	05	2006	SãoPaulo	Grande	-49.4888900000	-20.9988900000
8545	13.2	40	15	05	2006	SãoPaulo	Grande	-49.4888900000	-20.9988900000
8545	13.5	46	15	05	2006	SãoPaulo	Grande	-49.4888900000	-20.9988900000
8545	19.3	121	15	05	2006	SãoPaulo	Grande	-49.4888900000	-20.9988900000
8554	14.3	52	15	05	2006	SãoPaulo	Grande	-49.4888900000	-20.9988900000
8554	11.6	26	15	05	2006	SãoPaulo	Grande	-49.4888900000	-20.9988900000
8578	14.1	41	22	05	2006	MinasGerais	Grande	-46.8241700000	-21.0027800000
8578	13.1	38	22	05	2006	MinasGerais	Grande	-46.8241700000	-21.0027800000
8588	13.3	34	23	05	2006	MinasGerais	Grande	-46.8241700000	-20.8516700000
9249	4	2	25	07	2006	SãoPaulo	Pequeno	-50.0230600000	-20.5788900000
9234	7.9	8	27	07	2006	SãoPaulo	Pequeno	-50.0266700000	-20.5788900000
9058	5.7	3	10	08	2006	MinasGerais	Pequeno	-48.7536100000	-19.4980600000
10089	10.3	16	25	8	2006	SãoPaulo	Grande	-46.8802800000	-23.1805600000
8672	12.4	23	05	09	2006	MinasGerais	Grande	-48.0322200000	-18.8675000000
8672	8.4	8	05	09	2006	MinasGerais	Grande	-48.0322200000	-18.8675000000
8672	7.2	5	05	09	2006	MinasGerais	Grande	-48.0322200000	-18.8675000000
8672	7.8	7	05	09	2006	MinasGerais	Grande	-48.0322200000	-18.8675000000
8694	13.8	39	06	09	2006	MinasGerais	Grande	-46.7658300000	-19.0902800000
8757	4.1	1	08	09	2006	MinasGerais	Grande	-47.7158300000	-19.6919400000
10798	12.1	27	04	10	2006	DistritoFederal	Pequeno	-47.9066700000	-15.6994400000
9961	12.8	27	19	11	2006	DistritoFederal	Grande	-47.9377800000	-15.9466700000
9961	12.3	24	19	11	2006	DistritoFederal	Grande	-47.9377800000	-15.9466700000
10164	6.8	5	29	03	2007	SãoPaulo	Grande	-48.7472200000	-21.3600000000
10164	5.1	2	29	03	2007	SãoPaulo	Grande	-48.7472200000	-21.3600000000
10179	6.4	4	29	03	2007	SãoPaulo	Pequeno	-48.7025000000	-21.2836100000
10179	5.3	3	29	03	2007	SãoPaulo	Pequeno	-48.7025000000	-21.2836100000
10179	6.6	4	29	03	2007	SãoPaulo	Pequeno	-48.7025000000	-21.2836100000
10179	4.6	2	29	03	2007	SãoPaulo	Pequeno	-48.7025000000	-21.2836100000
10187	5.7	3	30	03	2007	SãoPaulo	Pequeno	-48.4980600000	-21.0122200000
10208	5.4	3	30	03	2007	SãoPaulo	Grande	-48.5758300000	-21.0238900000
10208	4.9	2	30	03	2007	SãoPaulo	Grande	-48.5758300000	-21.0238900000
10208	4.6	1	30	03	2007	SãoPaulo	Grande	-48.5758300000	-21.0238900000
10208	4.7	2	30	03	2007	SãoPaulo	Grande	-48.5758300000	-21.0238900000
10208	4	1	30	03	2007	SãoPaulo	Grande	-48.5758300000	-21.0238900000
10248	4.7	2	20	04	2007	SãoPaulo	Grande	-50.7905600000	-21.6227800000
10276	9.9	19	29	04	2007	SãoPaulo	Grande	-50.7758300000	-21.6538900000
10276	6.9	6	29	04	2007	SãoPaulo	Grande	-50.7758300000	-21.6538900000
10276	7.3	5	29	04	2007	SãoPaulo	Grande	-50.7758300000	-21.6538900000
10276	5.7	3	29	04	2007	SãoPaulo	Grande	-50.7758300000	-21.6538900000
10276	6.5	4	29	04	2007	SãoPaulo	Grande	-50.7758300000	-21.6538900000
10276	4.9	2	29	04	2007	SãoPaulo	Grande	-50.7758300000	-21.6538900000
10276	4.4	1	29	04	2007	SãoPaulo	Grande	-50.7758300000	-21.6538900000
10288	4.3	2	30	04	2007	SãoPaulo	Pequeno	-50.7572200000	-21.6488900000
10360	4.3	1	21	04	2007	SãoPaulo	Grande	-50.7994400000	-21.1563900000
10598	20.7	153	01	05	2007	SãoPaulo	Grande	-50.7580600000	-20.8130600000
10618	10.2	16	02	05	2007	SãoPaulo	Grande	-50.7136100000	-20.7038900000
10537	10.1	14	12	05	2007	MinasGerais	Grande	-47.7158300000	-19.6919400000
10745	20	157	26	05	2007	SãoPaulo	Grande	-51.5222200000	-20.7886100000
10745	18.6	131	26	05	2007	SãoPaulo	Grande	-51.5222200000	-20.7886100000
10549	5.7	3	10	06	2007	MinasGerais	Pequeno	-48.6097200000	-18.6200000000
10939	9.2	15	29	07	2007	SãoPaulo	Grande	-50.2033300000	-21.1522200000
10939	7.3	7	29	07	2007	SãoPaulo	Grande	-50.2033300000	-21.1522200000
10954	12	31	29	07	2007	SãoPaulo	Pequeno	-50.2505600000	-21.2602800000
10954	8	7	29	07	2007	SãoPaulo	Pequeno	-50.2505600000	-21.2602800000
10954	6.2	5	29	07	2007	SãoPaulo	Pequeno	-50.2505600000	-21.2602800000
17681	14.3	53	31	12	2007	SãoPaulo	Grande	-48.3202800000	-21.2505600000
17681	10.4	21	31	12	2007	SãoPaulo	Grande	-48.3202800000	-21.2505600000
17681	9.7	16	31	12	2007	SãoPaulo	Grande	-48.3202800000	-21.2505600000
17681	8.8	12	31	12	2007	SãoPaulo	Grande	-48.3202800000	-21.2505600000
17681	6.6	5	31	12	2007	SãoPaulo	Grande	-48.3202800000	-21.2505600000
17681	5.4	3	31	12	2007	SãoPaulo	Grande	-48.3202800000	-21.2505600000
17681	5.4	2	31	12	2007	SãoPaulo	Grande	-48.3202800000	-21.2505600000
17681	4.7	2	31	12	2007	SãoPaulo	Grande	-48.3202800000	-21.2505600000
17681	3.7	1	31	12	2007	SãoPaulo	Grande	-48.3202800000	-21.2505600000
17885	8.6	12	01	02	2008	MatoGrossodoSul	Grande	-55.3961100000	-20.5066700000
17885	8.5	11	01	02	2008	MatoGrossodoSul	Grande	-55.3961100000	-20.5066700000
17995	14.5	60	01	02	2008	MatoGrossodoSul	Grande	-56.0172200000	-20.7241700000
17996	14.9	56	01	02	2008	MatoGrossodoSul	Grande	-56.0172200000	-20.7241700000
11396	15.5	57	02	04	2008	SãoPaulo	Pequeno	-47.6666700000	-22.2500000000
11817	6.1	3	05	06	2008	MatoGrossodoSul	Grande	-51.8850000000	-19.0866700000
11862	8.4	10	28	07	2008	Goias	Grande	-52.9758300000	-18.2972200000
17938	13.5	38	01	09	2008	MatoGrossodoSul	Pequeno	-55.2580600000	-20.5030600000
11794	8	9	01	10	2008	MatoGrossodoSul	Grande	-51.7502800000	-19.1533300000
11801	5.5	2	27	11	2008	MatoGrossodoSul	Grande	-51.7502800000	-19.1533300000
11834	5.4	3	28	11	2008	MatoGrossodoSul	Grande	-51.8850000000	-19.0866700000
11853	5.9	3	27	01	2009	Goias	Grande	-53.0091700000	-18.1322200000
11853	6.6	4	27	01	2009	Goias	Grande	-53.0091700000	-18.1322200000
11871	9.2	14	28	01	2009	Goias	Grande	-52.9758300000	-18.2972200000
15397	15.8	75	15	09	2009	SãoPaulo	Pequeno	-47.7102800000	-23.8105600000
13948	21.7	167	15	06	2011	MinasGerais	Pequeno	-45.3302800000	-22.4941700000
13948	11.3	20	15	06	2011	MinasGerais	Pequeno	-45.3302800000	-22.4941700000
19207	7.6	6	10	07	2010	SãoPaulo	Grande	-48.5194400000	-22.3030600000
19207	5.5	3	10	07	2010	SãoPaulo	Grande	-48.5194400000	-22.3030600000
19207	5.4	3	10	07	2010	SãoPaulo	Grande	-48.5194400000	-22.3030600000
19207	5.9	4	10	07	2010	SãoPaulo	Grande	-48.5194400000	-22.3030600000
19207	17.8	82	10	07	2010	SãoPaulo	Grande	-48.5194400000	-22.3030600000
13685	18.5	107	13	08	2010	SãoPaulo	Pequeno	-47.2913900000	-23.9288900000
13685	10.4	20	13	08	2010	SãoPaulo	Pequeno	-47.2913900000	-23.9288900000
13685	5.4	3	13	08	2010	SãoPaulo	Pequeno	-47.2913900000	-23.9288900000
13045	6	3	15	12	2010	SãoPaulo	Grande	-52.4266700000	-22.4813900000
13286	8.5	10	15	12	2010	SãoPaulo	Grande	-52.4266700000	-22.4813900000
13286	5.7	3	15	12	2010	SãoPaulo	Grande	-52.4266700000	-22.4813900000
13286	6.3	4	15	12	2010	SãoPaulo	Grande	-52.4266700000	-22.4813900000
13286	6.6	4	15	12	2010	SãoPaulo	Grande	-52.4266700000	-22.4813900000
13308	10.5	17	15	12	2010	SãoPaulo	Grande	-52.5294400000	-22.3530600000
13308	4.6	1	15	12	2010	SãoPaulo	Grande	-52.5294400000	-22.3530600000
14126	14.4	44	20	01	2011	SãoPaulo	Pequeno	-49.4958300000	-21.0141700000
14162	7.8	8	20	01	2011	SãoPaulo	Grande	-49.4172200000	-21.2561100000
14162	5.2	2	20	01	2011	SãoPaulo	Grande	-49.4172200000	-21.2561100000
14555	6	4	01	04	2011	SãoPaulo	Grande	-49.0266700000	-20.9686100000
14589	8.1	8	01	04	2011	SãoPaulo	Grande	-48.9702800000	-21.0988900000
14589	6.1	5	01	04	2011	SãoPaulo	Grande	-48.9702800000	-21.0988900000
14589	4.2	2	01	04	2011	SãoPaulo	Grande	-48.9702800000	-21.0988900000
14610	9.5	12	01	04	2011	SãoPaulo	Grande	-49.4616700000	-21.1486100000
17491	14.4	65	11	06	2011	SãoPaulo	Grande	-47.7002800000	-21.5505600000
14335	8.7	10	30	08	2011	SãoPaulo	Grande	-52.2377800000	-22.3016700000
14329	9.7	15	01	09	2011	SãoPaulo	Grande	-52.6886100000	-22.3811100000
14300	5.6	2	05	09	2011	SãoPaulo	Grande	-48.7302800000	-21.5150000000
14371	8	10	25	09	2011	SãoPaulo	Pequeno	-51.5358300000	-22.5775000000
14371	8.1	7	25	09	2011	SãoPaulo	Pequeno	-51.5358300000	-22.5775000000
15166	7.9	9	04	10	2011	SãoPaulo	Grande	-49.2308300000	-20.8791700000
15238	15.8	53	06	10	2011	SãoPaulo	Pequeno	-49.2388900000	-21.0494400000
14868	18.5	85	18	11	2011	MinasGerais	Pequeno	-45.3297200000	-22.4936100000
14868	17.1	64	18	11	2011	MinasGerais	Pequeno	-45.3297200000	-22.4936100000
14868	10.5	19	18	11	2011	MinasGerais	Pequeno	-45.3297200000	-22.4936100000
15553	12.9	40	31	12	2011	MinasGerais	Pequeno	-47.1452800000	-19.1327800000
16487	5.2	2	14	12	2011	SãoPaulo	Grande	-51.5433300000	-21.6497200000
18656	8.1	8	01	11	2011	MinasGerais	Pequeno	-48.0875000000	-19.9180600000
15405	15	67	07	02	2012	SãoPaulo	Grande	-51.8319400000	-21.3144400000
15763	11	19	09	03	2012	Goias	Grande	-48.6527800000	-17.8491700000
15763	4.3	2	09	03	2012	Goias	Grande	-48.6527800000	-17.8491700000
16418	9.1	12	26	03	2012	SãoPaulo	Pequeno	-48.4827800000	-22.1072200000
16379	6.6	4	25	04	2012	SãoPaulo	Pequeno	-47.4586100000	-21.9936100000
19206	7.4	5	11	05	2012	SãoPaulo	Grande	-48.5130600000	-22.3119400000
15849	9.2	12	05	06	2012	Goias	Grande	-49.3538900000	-16.2408300000
17564	4.6	2	17	07	2012	SãoPaulo	Pequeno	-46.8719400000	-21.9869400000
17564	4.3	1	17	07	2012	SãoPaulo	Pequeno	-46.8719400000	-21.9869400000
16099	16.5	70	05	08	2012	MinasGerais	Pequeno	-48.3863900000	-19.9086100000
16099	15	54	05	08	2012	MinasGerais	Pequeno	-48.3863900000	-19.9086100000
16099	16.6	82	05	08	2012	MinasGerais	Pequeno	-48.3863900000	-19.9086100000
17571	12.5	31	16	8	2012	SãoPaulo	Pequeno	-46.9227800000	-21.9219400000
16169	5.9	3	05	09	2012	MinasGerais	Pequeno	-43.7761100000	-20.9533300000
18495	10	18	31	10	2012	SãoPaulo	Pequeno	-48.4858300000	-22.0555600000
19332	12.9	25	5	3	2013	MinasGerais	Pequeno	-46.7230600000	-20.7763900000
19279	5.5	3	05	09	2013	SãoPaulo	Grande	-50.9269400000	-20.5188900000
19279	6.4	4	05	09	2013	SãoPaulo	Grande	-50.9269400000	-20.5188900000
19279	5.7	3	05	09	2013	SãoPaulo	Grande	-50.9269400000	-20.5188900000
19506	7.1	7	14	12	2013	SãoPaulo	Grande	-49.6850000000	-20.1858300000
19506	4.9	1	14	12	2013	SãoPaulo	Grande	-49.6850000000	-20.1858300000
19506	4	1	14	12	2013	SãoPaulo	Grande	-49.6850000000	-20.1858300000
20650	8.8	13	31	10	2014	SãoPaulo	Pequeno	-49.1847200000	-24.0711100000
20206	6.3	3	31	12	2014	SãoPaulo	Pequeno	-49.3975000000	-21.1736100000
21092	18.3	94	7	1	2017	SãoPaulo	Pequeno	-45.4834722222	-23.0843611111
21343	20.3	129	10	01	2017	SãoPaulo	Pequeno	-47.7687805556	-23.3263888889
21343	16	52	10	01	2017	SãoPaulo	Pequeno	-47.7687805556	-23.3263888889
21349	13.4	38	10	01	2017	SãoPaulo	Pequeno	-47.7687805556	-23.3263888889
