catalognumber	CP	P	day	month	ANO	state	Amb	Longitude	Latitude
3569	7.6	10	08	10	1999	SãoPaulo	Pequeno	-50.0186100000	-20.9672200000
3569	8.5	13	08	10	1999	SãoPaulo	Pequeno	-50.0186100000	-20.9672200000
3694	9.6	18	19	11	1999	SãoPaulo	Pequeno	-50.0186100000	-20.9672200000
3694	7.9	10	19	11	1999	SãoPaulo	Pequeno	-50.0186100000	-20.9672200000
3694	10.4	24	19	11	1999	SãoPaulo	Pequeno	-50.0186100000	-20.9672200000
3694	10.3	21	19	11	1999	SãoPaulo	Pequeno	-50.0186100000	-20.9672200000
3694	9.2	17	19	11	1999	SãoPaulo	Pequeno	-50.0186100000	-20.9672200000
3694	10.3	22	19	11	1999	SãoPaulo	Pequeno	-50.0186100000	-20.9672200000
3694	9.5	17	19	11	1999	SãoPaulo	Pequeno	-50.0186100000	-20.9672200000
3694	9	15	19	11	1999	SãoPaulo	Pequeno	-50.0186100000	-20.9672200000
3694	9.9	18	19	11	1999	SãoPaulo	Pequeno	-50.0186100000	-20.9672200000
3694	8.5	12	19	11	1999	SãoPaulo	Pequeno	-50.0186100000	-20.9672200000
3694	8.7	12	19	11	1999	SãoPaulo	Pequeno	-50.0186100000	-20.9672200000
3733	10	17	16	12	1999	SãoPaulo	Pequeno	-50.0183300000	-20.9663900000
3822	8.9	14	11	02	2000	SãoPaulo	Pequeno	-50.0186100000	-20.9672200000
3911	4.1	2	27	04	2000	SãoPaulo	Pequeno	-50.0186100000	-20.9672200000
3911	4	2	27	04	2000	SãoPaulo	Pequeno	-50.0186100000	-20.9672200000
3931	5	3	24	05	2000	SãoPaulo	Pequeno	-50.0186100000	-20.9672200000
3982	4.4	2	29	06	2000	SãoPaulo	Pequeno	-50.0186100000	-20.9672200000
3982	4.1	2	29	06	2000	SãoPaulo	Pequeno	-50.0186100000	-20.9672200000
4318	5.1	3	18	08	2000	SãoPaulo	Pequeno	-50.0186100000	-20.9672200000
6336	14.7	64	26	02	2004	MinasGerais	Pequeno	-50.5313900000	-19.7997200000
6336	14.8	62	26	02	2004	MinasGerais	Pequeno	-50.5313900000	-19.7997200000
6851	21.5	267	02	09	2004	SãoPaulo	Pequeno	-51.3366700000	-21.2930600000
6851	13.7	62	02	09	2004	SãoPaulo	Pequeno	-51.3366700000	-21.2930600000
6851	9.9	24	02	09	2004	SãoPaulo	Pequeno	-51.3366700000	-21.2930600000
10065	3.8	1	21	02	2005	SãoPaulo	Pequeno	-49.2666700000	-20.4166700000
10065	3.8	1	21	02	2005	SãoPaulo	Pequeno	-49.2666700000	-20.4166700000
9386	11.7	39	28	07	2005	SãoPaulo	Pequeno	-49.2772200000	-20.3797200000
9538	5.7	4	13	07	2005	SãoPaulo	Pequeno	-49.8233300000	-20.1100000000
9538	6.6	7	13	07	2005	SãoPaulo	Pequeno	-49.8233300000	-20.1100000000
9538	5.7	4	13	07	2005	SãoPaulo	Pequeno	-49.8233300000	-20.1100000000
9538	5.3	4	13	07	2005	SãoPaulo	Pequeno	-49.8233300000	-20.1100000000
9307	14.1	72	27	12	2005	SãoPaulo	Pequeno	-49.2666700000	-20.4166700000
8398	21.7	207	18	01	2006	SãoPaulo	Pequeno	-47.5863900000	-21.7330600000
8398	19.4	161	18	01	2006	SãoPaulo	Pequeno	-47.5863900000	-21.7330600000
8398	18.1	147	18	01	2006	SãoPaulo	Pequeno	-47.5863900000	-21.7330600000
8398	19.3	155	18	01	2006	SãoPaulo	Pequeno	-47.5863900000	-21.7330600000
8398	14	62	18	01	2006	SãoPaulo	Pequeno	-47.5863900000	-21.7330600000
8398	17.7	120	18	01	2006	SãoPaulo	Pequeno	-47.5863900000	-21.7330600000
8398	18.7	147	18	01	2006	SãoPaulo	Pequeno	-47.5863900000	-21.7330600000
8398	14.5	74	18	01	2006	SãoPaulo	Pequeno	-47.5863900000	-21.7330600000
8398	14.4	69	18	01	2006	SãoPaulo	Pequeno	-47.5863900000	-21.7330600000
8398	14.2	60	18	01	2006	SãoPaulo	Pequeno	-47.5863900000	-21.7330600000
8414	21.8	264	19	01	2006	SãoPaulo	Pequeno	-47.6394400000	-21.7238900000
9509	10.5	29	23	03	2006	SãoPaulo	Pequeno	-49.2775000000	-20.3530600000
9288	5.5	4	29	03	2006	SãoPaulo	Pequeno	-49.2666700000	-20.4166700000
10330	5.7	4	21	04	2007	SãoPaulo	Pequeno	-50.9633300000	-21.0313900000
18180	11.8	42	15	05	2007	SãoPaulo	Pequeno	-49.2666700000	-20.4166700000
18180	11.8	45	15	05	2007	SãoPaulo	Pequeno	-49.2666700000	-20.4166700000
18180	11.1	38	15	05	2007	SãoPaulo	Pequeno	-49.2666700000	-20.4166700000
18180	10.4	36	15	05	2007	SãoPaulo	Pequeno	-49.2666700000	-20.4166700000
18180	10.3	30	15	05	2007	SãoPaulo	Pequeno	-49.2666700000	-20.4166700000
10842	19	193	15	07	2007	SãoPaulo	Pequeno	-50.3702800000	-20.0005600000
12646	5.4	4	30	05	2010	MatoGrossodoSul	Pequeno	-51.2927800000	-20.0983300000
13057	6.3	5	23	10	2010	SãoPaulo	Pequeno	-48.4675000000	-20.4705600000
15952	14.9	92	08	06	2012	Goias	Pequeno	-50.2450000000	-17.2750000000
15952	18.5	177	08	06	2012	Goias	Pequeno	-50.2450000000	-17.2750000000
15966	5.8	4	08	06	2012	Goias	Pequeno	-50.1055600000	-17.2061100000
17712	6.6	6	05	05	2012	SãoPaulo	Pequeno	-49.6850000000	-20.1858300000
17712	6.6	6	05	05	2012	SãoPaulo	Pequeno	-49.6850000000	-20.1858300000
17712	6.6	6	05	05	2012	SãoPaulo	Pequeno	-49.6850000000	-20.1858300000
17723	17.8	138	15	12	2012	SãoPaulo	Pequeno	-47.7719400000	-21.9019400000
19496	8.1	12	28	04	2013	SãoPaulo	Pequeno	-49.6850000000	-20.1858300000
19496	6	5	28	04	2013	SãoPaulo	Pequeno	-49.6850000000	-20.1858300000
19496	6.7	7	28	04	2013	SãoPaulo	Pequeno	-49.6850000000	-20.1858300000
19496	6	5	28	04	2013	SãoPaulo	Pequeno	-49.6850000000	-20.1858300000
19496	5.9	5	28	04	2013	SãoPaulo	Pequeno	-49.6850000000	-20.1858300000
20621	19.5	189	31	07	2014	SãoPaulo	Pequeno	-47.5927800000	-23.4005600000
21341	18.2	146	10	01	2017	SãoPaulo	Pequeno	-47.7687805556	-23.3263888889
21341	17.8	147	10	01	2017	SãoPaulo	Pequeno	-47.7687805556	-23.3263888889
21435	9.8	20	01	07	2017	MinasGerais	Pequeno	-47.8513888889	-19.9880555556
21435	9.2	18	01	07	2017	MinasGerais	Pequeno	-47.8513888889	-19.9880555556
22777	13.8	65	28	11	2018	SãoPaulo	Pequeno	-48.4202777778	-23.4261111111
