catalognumber	CP	P	day	month	ANO	state	Amb	Longitude	Latitude
10056	10	29	21	02	2005	SãoPaulo	Pequeno	-49.2666700000	-20.4166700000
10056	10	33	21	02	2005	SãoPaulo	Pequeno	-49.2666700000	-20.4166700000
10056	9.7	27	21	02	2005	SãoPaulo	Pequeno	-49.2666700000	-20.4166700000
10056	9.6	28	21	02	2005	SãoPaulo	Pequeno	-49.2666700000	-20.4166700000
10056	9	21	21	02	2005	SãoPaulo	Pequeno	-49.2666700000	-20.4166700000
10056	9.2	22	21	02	2005	SãoPaulo	Pequeno	-49.2666700000	-20.4166700000
10056	9.2	21	21	02	2005	SãoPaulo	Pequeno	-49.2666700000	-20.4166700000
10056	9.8	29	21	02	2005	SãoPaulo	Pequeno	-49.2666700000	-20.4166700000
10056	9.1	28	21	02	2005	SãoPaulo	Pequeno	-49.2666700000	-20.4166700000
10056	10	31	21	02	2005	SãoPaulo	Pequeno	-49.2666700000	-20.4166700000
10056	9.1	24	21	02	2005	SãoPaulo	Pequeno	-49.2666700000	-20.4166700000
10056	10.9	38	21	02	2005	SãoPaulo	Pequeno	-49.2666700000	-20.4166700000
10056	9.6	26	21	02	2005	SãoPaulo	Pequeno	-49.2666700000	-20.4166700000
10056	9.9	27	21	02	2005	SãoPaulo	Pequeno	-49.2666700000	-20.4166700000
10056	9	21	21	02	2005	SãoPaulo	Pequeno	-49.2666700000	-20.4166700000
10056	9.5	22	21	02	2005	SãoPaulo	Pequeno	-49.2666700000	-20.4166700000
10056	9.5	25	21	02	2005	SãoPaulo	Pequeno	-49.2666700000	-20.4166700000
10056	9.3	26	21	02	2005	SãoPaulo	Pequeno	-49.2666700000	-20.4166700000
10056	10.3	32	21	02	2005	SãoPaulo	Pequeno	-49.2666700000	-20.4166700000
10056	10.7	36	21	02	2005	SãoPaulo	Pequeno	-49.2666700000	-20.4166700000
10056	9.5	24	21	02	2005	SãoPaulo	Pequeno	-49.2666700000	-20.4166700000
10056	9.8	26	21	02	2005	SãoPaulo	Pequeno	-49.2666700000	-20.4166700000
10056	9.5	26	21	02	2005	SãoPaulo	Pequeno	-49.2666700000	-20.4166700000
10056	9.4	26	21	02	2005	SãoPaulo	Pequeno	-49.2666700000	-20.4166700000
10056	10.4	35	21	02	2005	SãoPaulo	Pequeno	-49.2666700000	-20.4166700000
10056	8.9	22	21	02	2005	SãoPaulo	Pequeno	-49.2666700000	-20.4166700000
10056	9.8	30	21	02	2005	SãoPaulo	Pequeno	-49.2666700000	-20.4166700000
10056	9.1	25	21	02	2005	SãoPaulo	Pequeno	-49.2666700000	-20.4166700000
10056	9.2	24	21	02	2005	SãoPaulo	Pequeno	-49.2666700000	-20.4166700000
10056	9.8	32	21	02	2005	SãoPaulo	Pequeno	-49.2666700000	-20.4166700000
10056	9.2	24	21	02	2005	SãoPaulo	Pequeno	-49.2666700000	-20.4166700000
10056	9	22	21	02	2005	SãoPaulo	Pequeno	-49.2666700000	-20.4166700000
10056	9.6	27	21	02	2005	SãoPaulo	Pequeno	-49.2666700000	-20.4166700000
10056	9.3	26	21	02	2005	SãoPaulo	Pequeno	-49.2666700000	-20.4166700000
10056	10.7	34	21	02	2005	SãoPaulo	Pequeno	-49.2666700000	-20.4166700000
10056	8.6	20	21	02	2005	SãoPaulo	Pequeno	-49.2666700000	-20.4166700000
10056	10.1	32	21	02	2005	SãoPaulo	Pequeno	-49.2666700000	-20.4166700000
10056	9.9	31	21	02	2005	SãoPaulo	Pequeno	-49.2666700000	-20.4166700000
10056	9.8	26	21	02	2005	SãoPaulo	Pequeno	-49.2666700000	-20.4166700000
10056	9.8	29	21	02	2005	SãoPaulo	Pequeno	-49.2666700000	-20.4166700000
10056	8.7	20	21	02	2005	SãoPaulo	Pequeno	-49.2666700000	-20.4166700000
10056	9.9	28	21	02	2005	SãoPaulo	Pequeno	-49.2666700000	-20.4166700000
10056	11.3	38	21	02	2005	SãoPaulo	Pequeno	-49.2666700000	-20.4166700000
10056	9.7	29	21	02	2005	SãoPaulo	Pequeno	-49.2666700000	-20.4166700000
10056	9.6	37	21	02	2005	SãoPaulo	Pequeno	-49.2666700000	-20.4166700000
10056	9.7	26	21	02	2005	SãoPaulo	Pequeno	-49.2666700000	-20.4166700000
10056	9.9	26	21	02	2005	SãoPaulo	Pequeno	-49.2666700000	-20.4166700000
10056	9.2	23	21	02	2005	SãoPaulo	Pequeno	-49.2666700000	-20.4166700000
7686	12.8	60	18	05	2005	SãoPaulo	Pequeno	-49.3513900000	-20.1822200000
9426	10.3	35	23	09	2005	SãoPaulo	Pequeno	-49.2650000000	-20.4155600000
9426	11.3	42	23	09	2005	SãoPaulo	Pequeno	-49.2650000000	-20.4155600000
9426	11.4	44	23	09	2005	SãoPaulo	Pequeno	-49.2650000000	-20.4155600000
9426	11.8	47	23	09	2005	SãoPaulo	Pequeno	-49.2650000000	-20.4155600000
9426	12.7	58	23	09	2005	SãoPaulo	Pequeno	-49.2650000000	-20.4155600000
9426	11.2	41	23	09	2005	SãoPaulo	Pequeno	-49.2650000000	-20.4155600000
9333	11.2	43	23	09	2005	SãoPaulo	Pequeno	-49.2666700000	-20.4166700000
9333	9.2	25	23	09	2005	SãoPaulo	Pequeno	-49.2666700000	-20.4166700000
9333	9.7	29	23	09	2005	SãoPaulo	Pequeno	-49.2666700000	-20.4166700000
9333	9.8	32	23	09	2005	SãoPaulo	Pequeno	-49.2666700000	-20.4166700000
9333	11.3	45	23	09	2005	SãoPaulo	Pequeno	-49.2666700000	-20.4166700000
9333	9.4	25	23	09	2005	SãoPaulo	Pequeno	-49.2666700000	-20.4166700000
9333	10	31	23	09	2005	SãoPaulo	Pequeno	-49.2666700000	-20.4166700000
9333	10.2	34	23	09	2005	SãoPaulo	Pequeno	-49.2666700000	-20.4166700000
9333	10	31	23	09	2005	SãoPaulo	Pequeno	-49.2666700000	-20.4166700000
9333	9	23	23	09	2005	SãoPaulo	Pequeno	-49.2666700000	-20.4166700000
9333	9.9	32	23	09	2005	SãoPaulo	Pequeno	-49.2666700000	-20.4166700000
9333	10.1	34	23	09	2005	SãoPaulo	Pequeno	-49.2666700000	-20.4166700000
9333	10.8	40	23	09	2005	SãoPaulo	Pequeno	-49.2666700000	-20.4166700000
9333	11.2	51	23	09	2005	SãoPaulo	Pequeno	-49.2666700000	-20.4166700000
9333	10.2	32	23	09	2005	SãoPaulo	Pequeno	-49.2666700000	-20.4166700000
9321	8.8	21	21	10	2005	SãoPaulo	Pequeno	-49.2666700000	-20.4166700000
9321	8.9	21	21	10	2005	SãoPaulo	Pequeno	-49.2666700000	-20.4166700000
9321	10.6	38	21	10	2005	SãoPaulo	Pequeno	-49.2666700000	-20.4166700000
9321	9.2	28	21	10	2005	SãoPaulo	Pequeno	-49.2666700000	-20.4166700000
9321	10.4	32	21	10	2005	SãoPaulo	Pequeno	-49.2666700000	-20.4166700000
9321	11.7	50	21	10	2005	SãoPaulo	Pequeno	-49.2666700000	-20.4166700000
9321	11.1	41	21	10	2005	SãoPaulo	Pequeno	-49.2666700000	-20.4166700000
9321	10.6	35	21	10	2005	SãoPaulo	Pequeno	-49.2666700000	-20.4166700000
9304	14.9	96	27	12	2005	SãoPaulo	Pequeno	-49.2666700000	-20.4166700000
9304	14.9	92	27	12	2005	SãoPaulo	Pequeno	-49.2666700000	-20.4166700000
9378	18.2	155	27	12	2005	SãoPaulo	Pequeno	-49.2772200000	-20.3797200000
9419	15.9	109	27	12	2005	SãoPaulo	Pequeno	-49.2650000000	-20.4155600000
9439	9.4	24	23	03	2006	SãoPaulo	Pequeno	-49.2666700000	-20.4197200000
9439	9.7	28	23	03	2006	SãoPaulo	Pequeno	-49.2666700000	-20.4197200000
9439	8.7	18	23	03	2006	SãoPaulo	Pequeno	-49.2666700000	-20.4197200000
9439	8.5	18	23	03	2006	SãoPaulo	Pequeno	-49.2666700000	-20.4197200000
9439	8.7	18	23	03	2006	SãoPaulo	Pequeno	-49.2666700000	-20.4197200000
9439	8.6	18	23	03	2006	SãoPaulo	Pequeno	-49.2666700000	-20.4197200000
9439	6.4	8	23	03	2006	SãoPaulo	Pequeno	-49.2666700000	-20.4197200000
9439	7.8	15	23	03	2006	SãoPaulo	Pequeno	-49.2666700000	-20.4197200000
9471	8.3	19	23	03	2006	SãoPaulo	Pequeno	-49.2680600000	-20.4105600000
9471	6.8	9	23	03	2006	SãoPaulo	Pequeno	-49.2680600000	-20.4105600000
9503	10.8	37	23	03	2006	SãoPaulo	Pequeno	-49.2775000000	-20.3530600000
9503	10.6	36	23	03	2006	SãoPaulo	Pequeno	-49.2775000000	-20.3530600000
9503	10.3	40	23	03	2006	SãoPaulo	Pequeno	-49.2775000000	-20.3530600000
9503	10.2	32	23	03	2006	SãoPaulo	Pequeno	-49.2775000000	-20.3530600000
9503	10	28	23	03	2006	SãoPaulo	Pequeno	-49.2775000000	-20.3530600000
9503	10.7	41	23	03	2006	SãoPaulo	Pequeno	-49.2775000000	-20.3530600000
9503	11	42	23	03	2006	SãoPaulo	Pequeno	-49.2775000000	-20.3530600000
9503	9.8	29	23	03	2006	SãoPaulo	Pequeno	-49.2775000000	-20.3530600000
9503	10.9	37	23	03	2006	SãoPaulo	Pequeno	-49.2775000000	-20.3530600000
9503	10.5	34	23	03	2006	SãoPaulo	Pequeno	-49.2775000000	-20.3530600000
9503	11.4	45	23	03	2006	SãoPaulo	Pequeno	-49.2775000000	-20.3530600000
9503	10.6	33	23	03	2006	SãoPaulo	Pequeno	-49.2775000000	-20.3530600000
9503	9.9	30	23	03	2006	SãoPaulo	Pequeno	-49.2775000000	-20.3530600000
9503	9.9	28	23	03	2006	SãoPaulo	Pequeno	-49.2775000000	-20.3530600000
9503	9.6	28	23	03	2006	SãoPaulo	Pequeno	-49.2775000000	-20.3530600000
9503	10.8	38	23	03	2006	SãoPaulo	Pequeno	-49.2775000000	-20.3530600000
9503	10.3	33	23	03	2006	SãoPaulo	Pequeno	-49.2775000000	-20.3530600000
9503	9.6	27	23	03	2006	SãoPaulo	Pequeno	-49.2775000000	-20.3530600000
9503	14.9	89	23	03	2006	SãoPaulo	Pequeno	-49.2775000000	-20.3530600000
9274	7.7	12	20	6	2006	SãoPaulo	Pequeno	-49.2666700000	-20.4166700000
18183	9.5	27	15	05	2007	SãoPaulo	Pequeno	-49.2666700000	-20.4166700000
18183	9.2	21	15	05	2007	SãoPaulo	Pequeno	-49.2666700000	-20.4166700000
18183	10.5	34	15	05	2007	SãoPaulo	Pequeno	-49.2666700000	-20.4166700000
18183	9.5	25	15	05	2007	SãoPaulo	Pequeno	-49.2666700000	-20.4166700000
18183	10.4	30	15	05	2007	SãoPaulo	Pequeno	-49.2666700000	-20.4166700000
15965	9.3	25	08	06	2012	Goias	Pequeno	-50.1055600000	-17.2061100000
21385	17.4	134	03	12	2012	MinasGerais	Pequeno	-48.1917638889	-19.6962500000
21318	10.9	37	10	01	2017	SãoPaulo	Pequeno	-47.7687805556	-23.3263888889
21318	8.6	17	10	01	2017	SãoPaulo	Pequeno	-47.7687805556	-23.3263888889
21331	17.8	136	10	01	2017	SãoPaulo	Pequeno	-47.7687805556	-23.3263888889
21331	17.8	132	10	01	2017	SãoPaulo	Pequeno	-47.7687805556	-23.3263888889
21331	18.5	186	10	01	2017	SãoPaulo	Pequeno	-47.7687805556	-23.3263888889
21331	17.8	132	10	01	2017	SãoPaulo	Pequeno	-47.7687805556	-23.3263888889
