catalognumber	CP	P	day	month	ANO	state	Amb	Longitude	Latitude
5561	5.5	3	21	05	2003	MinasGerais	Pequeno	-47.8230600000	-19.6611100000
6006	5.3	2	24	05	2003	SãoPaulo	Pequeno	-50.2844400000	-20.3294400000
6035	9.4	15	03	06	2003	SãoPaulo	Pequeno	-50.3208300000	-20.5283300000
6035	12.6	37	03	06	2003	SãoPaulo	Pequeno	-50.3208300000	-20.5283300000
6035	7	6	03	06	2003	SãoPaulo	Pequeno	-50.3208300000	-20.5283300000
7964	12.5	20	12	09	2003	SãoPaulo	Pequeno	-47.6977800000	-22.4608300000
7964	11.3	15	12	09	2003	SãoPaulo	Pequeno	-47.6977800000	-22.4608300000
7964	9.9	14	12	09	2003	SãoPaulo	Pequeno	-47.6977800000	-22.4608300000
7977	12.4	25	28	01	2004	SãoPaulo	Pequeno	-47.6983300000	-22.4616700000
7977	12.4	24	28	01	2004	SãoPaulo	Pequeno	-47.6983300000	-22.4616700000
7977	15.9	61	28	01	2004	SãoPaulo	Pequeno	-47.6983300000	-22.4616700000
7977	12.4	31	28	01	2004	SãoPaulo	Pequeno	-47.6983300000	-22.4616700000
7977	10.3	12	28	01	2004	SãoPaulo	Pequeno	-47.6983300000	-22.4616700000
7977	7.6	6	28	01	2004	SãoPaulo	Pequeno	-47.6983300000	-22.4616700000
7977	11.2	18	28	01	2004	SãoPaulo	Pequeno	-47.6983300000	-22.4616700000
7977	11.6	22	28	01	2004	SãoPaulo	Pequeno	-47.6983300000	-22.4616700000
7977	9.3	11	28	01	2004	SãoPaulo	Pequeno	-47.6983300000	-22.4616700000
7977	6.2	4	28	01	2004	SãoPaulo	Pequeno	-47.6983300000	-22.4616700000
7977	5.8	2	28	01	2004	SãoPaulo	Pequeno	-47.6983300000	-22.4616700000
7977	6.1	3	28	01	2004	SãoPaulo	Pequeno	-47.6983300000	-22.4616700000
7977	5.2	2	28	01	2004	SãoPaulo	Pequeno	-47.6983300000	-22.4616700000
7977	4.7	2	28	01	2004	SãoPaulo	Pequeno	-47.6983300000	-22.4616700000
7977	4.6	2	28	01	2004	SãoPaulo	Pequeno	-47.6983300000	-22.4616700000
6553	13.4	41	12	03	2004	SãoPaulo	Pequeno	-49.4913900000	-21.0352800000
7605	10	16	27	04	2005	SãoPaulo	Pequeno	-47.8927800000	-24.6036100000
7605	7.5	6	27	04	2005	SãoPaulo	Pequeno	-47.8927800000	-24.6036100000
7605	7.9	8	27	04	2005	SãoPaulo	Pequeno	-47.8927800000	-24.6036100000
7582	16.7	77	30	04	2005	SãoPaulo	Pequeno	-49.4913900000	-21.0352800000
7582	14.9	55	30	04	2005	SãoPaulo	Pequeno	-49.4913900000	-21.0352800000
7582	11.4	25	30	04	2005	SãoPaulo	Pequeno	-49.4913900000	-21.0352800000
7594	8.2	9	30	04	2005	SãoPaulo	Pequeno	-49.4888900000	-20.9988900000
7650	5.1	3	30	04	2005	SãoPaulo	Pequeno	-49.4877800000	-20.9888900000
16081	7.8	8	13	07	2005	SãoPaulo	Pequeno	-49.8233300000	-20.1100000000
9528	6.5	5	13	07	2005	SãoPaulo	Pequeno	-49.8677800000	-20.1908300000
9528	7.2	7	13	07	2005	SãoPaulo	Pequeno	-49.8677800000	-20.1908300000
9851	7.3	7	18	08	2005	SãoPaulo	Pequeno	-48.8002800000	-21.0519400000
9851	6.5	5	18	08	2005	SãoPaulo	Pequeno	-48.8002800000	-21.0519400000
8375	12.2	29	17	01	2006	SãoPaulo	Pequeno	-47.5813900000	-21.7269400000
9249	4	2	25	07	2006	SãoPaulo	Pequeno	-50.0230600000	-20.5788900000
9234	7.9	8	27	07	2006	SãoPaulo	Pequeno	-50.0266700000	-20.5788900000
9058	5.7	3	10	08	2006	MinasGerais	Pequeno	-48.7536100000	-19.4980600000
10798	12.1	27	04	10	2006	DistritoFederal	Pequeno	-47.9066700000	-15.6994400000
10179	6.4	4	29	03	2007	SãoPaulo	Pequeno	-48.7025000000	-21.2836100000
10179	5.3	3	29	03	2007	SãoPaulo	Pequeno	-48.7025000000	-21.2836100000
10179	6.6	4	29	03	2007	SãoPaulo	Pequeno	-48.7025000000	-21.2836100000
10179	4.6	2	29	03	2007	SãoPaulo	Pequeno	-48.7025000000	-21.2836100000
10187	5.7	3	30	03	2007	SãoPaulo	Pequeno	-48.4980600000	-21.0122200000
10288	4.3	2	30	04	2007	SãoPaulo	Pequeno	-50.7572200000	-21.6488900000
10549	5.7	3	10	06	2007	MinasGerais	Pequeno	-48.6097200000	-18.6200000000
10954	12	31	29	07	2007	SãoPaulo	Pequeno	-50.2505600000	-21.2602800000
10954	8	7	29	07	2007	SãoPaulo	Pequeno	-50.2505600000	-21.2602800000
10954	6.2	5	29	07	2007	SãoPaulo	Pequeno	-50.2505600000	-21.2602800000
11396	15.5	57	02	04	2008	SãoPaulo	Pequeno	-47.6666700000	-22.2500000000
17938	13.5	38	01	09	2008	MatoGrossodoSul	Pequeno	-55.2580600000	-20.5030600000
15397	15.8	75	15	09	2009	SãoPaulo	Pequeno	-47.7102800000	-23.8105600000
13948	21.7	167	15	06	2011	MinasGerais	Pequeno	-45.3302800000	-22.4941700000
13948	11.3	20	15	06	2011	MinasGerais	Pequeno	-45.3302800000	-22.4941700000
13685	18.5	107	13	08	2010	SãoPaulo	Pequeno	-47.2913900000	-23.9288900000
13685	10.4	20	13	08	2010	SãoPaulo	Pequeno	-47.2913900000	-23.9288900000
13685	5.4	3	13	08	2010	SãoPaulo	Pequeno	-47.2913900000	-23.9288900000
14126	14.4	44	20	01	2011	SãoPaulo	Pequeno	-49.4958300000	-21.0141700000
14371	8	10	25	09	2011	SãoPaulo	Pequeno	-51.5358300000	-22.5775000000
14371	8.1	7	25	09	2011	SãoPaulo	Pequeno	-51.5358300000	-22.5775000000
15238	15.8	53	06	10	2011	SãoPaulo	Pequeno	-49.2388900000	-21.0494400000
14868	18.5	85	18	11	2011	MinasGerais	Pequeno	-45.3297200000	-22.4936100000
14868	17.1	64	18	11	2011	MinasGerais	Pequeno	-45.3297200000	-22.4936100000
14868	10.5	19	18	11	2011	MinasGerais	Pequeno	-45.3297200000	-22.4936100000
15553	12.9	40	31	12	2011	MinasGerais	Pequeno	-47.1452800000	-19.1327800000
18656	8.1	8	01	11	2011	MinasGerais	Pequeno	-48.0875000000	-19.9180600000
16418	9.1	12	26	03	2012	SãoPaulo	Pequeno	-48.4827800000	-22.1072200000
16379	6.6	4	25	04	2012	SãoPaulo	Pequeno	-47.4586100000	-21.9936100000
17564	4.6	2	17	07	2012	SãoPaulo	Pequeno	-46.8719400000	-21.9869400000
17564	4.3	1	17	07	2012	SãoPaulo	Pequeno	-46.8719400000	-21.9869400000
16099	16.5	70	05	08	2012	MinasGerais	Pequeno	-48.3863900000	-19.9086100000
16099	15	54	05	08	2012	MinasGerais	Pequeno	-48.3863900000	-19.9086100000
16099	16.6	82	05	08	2012	MinasGerais	Pequeno	-48.3863900000	-19.9086100000
17571	12.5	31	16	8	2012	SãoPaulo	Pequeno	-46.9227800000	-21.9219400000
16169	5.9	3	05	09	2012	MinasGerais	Pequeno	-43.7761100000	-20.9533300000
18495	10	18	31	10	2012	SãoPaulo	Pequeno	-48.4858300000	-22.0555600000
19332	12.9	25	5	3	2013	MinasGerais	Pequeno	-46.7230600000	-20.7763900000
20650	8.8	13	31	10	2014	SãoPaulo	Pequeno	-49.1847200000	-24.0711100000
20206	6.3	3	31	12	2014	SãoPaulo	Pequeno	-49.3975000000	-21.1736100000
21092	18.3	94	7	1	2017	SãoPaulo	Pequeno	-45.4834722222	-23.0843611111
21343	20.3	129	10	01	2017	SãoPaulo	Pequeno	-47.7687805556	-23.3263888889
21343	16	52	10	01	2017	SãoPaulo	Pequeno	-47.7687805556	-23.3263888889
21349	13.4	38	10	01	2017	SãoPaulo	Pequeno	-47.7687805556	-23.3263888889
