catalognumber	CP	P	day	month	ANO	state	Amb	Longitude	Latitude
3344	5.3	3	17	12	1980	SãoPaulo	Pequeno	-49.5480600000	-21.0766700000
965	5.1	3	30	04	1984	SãoPaulo	Pequeno	-49.2683300000	-20.9027800000
965	4.4	1	30	04	1984	SãoPaulo	Pequeno	-49.2683300000	-20.9027800000
966	10.4	23	30	04	1984	SãoPaulo	Pequeno	-49.2683300000	-20.9027800000
957	6.3	5	14	02	1985	SãoPaulo	Pequeno	-49.4638900000	-20.6166700000
3387	12.9	45	17	12	1985	SãoPaulo	Pequeno	-49.4638900000	-20.6166700000
3387	11.1	27	17	12	1985	SãoPaulo	Pequeno	-49.4638900000	-20.6166700000
2182	7.9	9	15	05	1986	SãoPaulo	Pequeno	-48.0022200000	-24.6925000000
2182	3.5	1	15	05	1986	SãoPaulo	Pequeno	-48.0022200000	-24.6925000000
1919	16.2	96	31	12	1986	SãoPaulo	Pequeno	-49.4638900000	-20.6166700000
1919	15	76	31	12	1986	SãoPaulo	Pequeno	-49.4638900000	-20.6166700000
1919	16.4	85	31	12	1986	SãoPaulo	Pequeno	-49.4638900000	-20.6166700000
3221	16.5	86	13	10	1987	SãoPaulo	Pequeno	-48.0022200000	-24.6925000000
3411	19.4	128	01	01	1988	SãoPaulo	Pequeno	-48.1163900000	-22.2791700000
3411	17.5	108	01	01	1988	SãoPaulo	Pequeno	-48.1163900000	-22.2791700000
969	19.4	140	25	03	1988	SãoPaulo	Pequeno	-49.9802800000	-22.8905600000
969	19	138	25	03	1988	SãoPaulo	Pequeno	-49.9802800000	-22.8905600000
969	16.8	97	25	03	1988	SãoPaulo	Pequeno	-49.9802800000	-22.8905600000
969	18.4	136	25	03	1988	SãoPaulo	Pequeno	-49.9802800000	-22.8905600000
968	5.2	2	30	09	1988	SãoPaulo	Pequeno	-51.5019400000	-20.8225000000
949	6.5	6	14	12	1988	SãoPaulo	Pequeno	-49.4638900000	-20.6166700000
949	4	1	14	12	1988	SãoPaulo	Pequeno	-49.4638900000	-20.6166700000
949	3.5	1	14	12	1988	SãoPaulo	Pequeno	-49.4638900000	-20.6166700000
949	3.5	1	14	12	1988	SãoPaulo	Pequeno	-49.4638900000	-20.6166700000
1926	28	320	16	04	1989	SãoPaulo	Pequeno	-50.0577800000	-20.5405600000
18385	7.1	7	24	01	1990	SãoPaulo	Pequeno	-49.4638900000	-20.6166700000
972	17.1	115	21	02	1990	SãoPaulo	Pequeno	-49.4638900000	-20.6166700000
2014	3.9	1	22	12	1990	SãoPaulo	Pequeno	-49.4638900000	-20.6166700000
2258	7.7	9	08	02	1993	SãoPaulo	Pequeno	-45.4305600000	-23.5305600000
5186	18.5	237	24	09	1999	MatoGrossodoSul	Pequeno	-51.6311100000	-20.8555600000
4760	9.4	16	14	06	2001	SãoPaulo	Pequeno	-53.0583300000	-22.5675000000
4907	13	44	14	10	2001	SãoPaulo	Pequeno	-50.4705600000	-20.2113900000
4907	10.9	27	14	10	2001	SãoPaulo	Pequeno	-50.4705600000	-20.2113900000
4907	10.4	21	14	10	2001	SãoPaulo	Pequeno	-50.4705600000	-20.2113900000
5014	3.7	1	22	11	2001	SãoPaulo	Pequeno	-49.3683300000	-20.8086100000
6234	4.2	2	07	05	2002	SãoPaulo	Pequeno	-49.3683300000	-20.8086100000
6234	8.7	12	07	05	2002	SãoPaulo	Pequeno	-49.3683300000	-20.8086100000
6001	10.9	27	24	05	2003	SãoPaulo	Pequeno	-50.2844400000	-20.3294400000
6001	10.7	25	24	05	2003	SãoPaulo	Pequeno	-50.2844400000	-20.3294400000
6001	4.7	2	24	05	2003	SãoPaulo	Pequeno	-50.2844400000	-20.3294400000
7984	16.9	85	17	07	2003	SãoPaulo	Pequeno	-47.5091700000	-22.3744400000
7984	13	40	17	07	2003	SãoPaulo	Pequeno	-47.5091700000	-22.3744400000
7984	11.5	37	17	07	2003	SãoPaulo	Pequeno	-47.5091700000	-22.3744400000
7984	6.5	5	17	07	2003	SãoPaulo	Pequeno	-47.5091700000	-22.3744400000
7984	7.9	11	17	07	2003	SãoPaulo	Pequeno	-47.5091700000	-22.3744400000
7984	11	26	17	07	2003	SãoPaulo	Pequeno	-47.5091700000	-22.3744400000
7984	7.8	9	17	07	2003	SãoPaulo	Pequeno	-47.5091700000	-22.3744400000
7984	8.3	11	17	07	2003	SãoPaulo	Pequeno	-47.5091700000	-22.3744400000
7984	6.5	5	17	07	2003	SãoPaulo	Pequeno	-47.5091700000	-22.3744400000
7984	6.2	4	17	07	2003	SãoPaulo	Pequeno	-47.5091700000	-22.3744400000
7984	6.6	5	17	07	2003	SãoPaulo	Pequeno	-47.5091700000	-22.3744400000
6281	7.7	11	02	08	2003	SãoPaulo	Pequeno	-49.4597200000	-21.0216700000
6349	4.3	2	03	02	2004	SãoPaulo	Pequeno	-49.4597200000	-21.0216700000
6224	11.7	32	7	2	2004	SãoPaulo	Pequeno	-49.2202800000	-20.7950000000
6537	19.3	134	12	03	2004	SãoPaulo	Pequeno	-49.4877800000	-20.9888900000
10078	14.9	59	01	01	2005	MatoGrossodoSul	Pequeno	-51.9302800000	-19.7261100000
10042	5.9	3	21	02	2005	SãoPaulo	Pequeno	-49.2775000000	-20.3530600000
10042	4.5	2	21	02	2005	SãoPaulo	Pequeno	-49.2775000000	-20.3530600000
7520	6.2	5	23	04	2005	MatoGrossodoSul	Pequeno	-53.7833300000	-22.2330600000
7603	9.8	18	27	04	2005	SãoPaulo	Pequeno	-47.8927800000	-24.6036100000
7603	11	28	27	04	2005	SãoPaulo	Pequeno	-47.8927800000	-24.6036100000
7619	9.4	16	27	04	2005	SãoPaulo	Pequeno	-47.8963900000	-24.6072200000
7619	6.5	6	27	04	2005	SãoPaulo	Pequeno	-47.8963900000	-24.6072200000
7619	3	1	27	04	2005	SãoPaulo	Pequeno	-47.8963900000	-24.6072200000
7639	11	24	27	04	2005	SãoPaulo	Pequeno	-47.8886100000	-24.6122200000
16076	13	44	13	07	2005	SãoPaulo	Pequeno	-49.8233300000	-20.1100000000
9527	8.2	11	13	07	2005	SãoPaulo	Pequeno	-49.8677800000	-20.1908300000
10036	15.3	74	13	07	2005	SãoPaulo	Pequeno	-49.2775000000	-20.3530600000
10036	8.1	12	13	07	2005	SãoPaulo	Pequeno	-49.2775000000	-20.3530600000
9841	11.1	29	18	08	2005	SãoPaulo	Pequeno	-48.6775000000	-20.9380600000
9841	8	8	18	08	2005	SãoPaulo	Pequeno	-48.6775000000	-20.9380600000
9332	19.4	135	23	09	2005	SãoPaulo	Pequeno	-49.2666700000	-20.4166700000
9332	16	78	23	09	2005	SãoPaulo	Pequeno	-49.2666700000	-20.4166700000
9319	16.6	111	21	10	2005	SãoPaulo	Pequeno	-49.2666700000	-20.4166700000
9319	16.6	91	21	10	2005	SãoPaulo	Pequeno	-49.2666700000	-20.4166700000
9319	17.5	111	21	10	2005	SãoPaulo	Pequeno	-49.2666700000	-20.4166700000
9319	16.9	103	21	10	2005	SãoPaulo	Pequeno	-49.2666700000	-20.4166700000
9319	20.2	173	21	10	2005	SãoPaulo	Pequeno	-49.2666700000	-20.4166700000
9319	17.2	105	21	10	2005	SãoPaulo	Pequeno	-49.2666700000	-20.4166700000
9319	14.9	68	21	10	2005	SãoPaulo	Pequeno	-49.2666700000	-20.4166700000
9319	14.3	68	21	10	2005	SãoPaulo	Pequeno	-49.2666700000	-20.4166700000
10003	4.8	1	23	03	2006	SãoPaulo	Pequeno	-49.2775000000	-20.3530600000
9250	7.8	8	25	07	2006	SãoPaulo	Pequeno	-50.0230600000	-20.5788900000
8826	15.3	72	23	08	2006	SãoPaulo	Pequeno	-50.8955600000	-20.0766700000
8826	17	112	23	08	2006	SãoPaulo	Pequeno	-50.8955600000	-20.0766700000
8826	9.5	18	23	08	2006	SãoPaulo	Pequeno	-50.8955600000	-20.0766700000
8826	7	6	23	08	2006	SãoPaulo	Pequeno	-50.8955600000	-20.0766700000
8826	5.5	3	23	08	2006	SãoPaulo	Pequeno	-50.8955600000	-20.0766700000
8826	8.7	14	23	08	2006	SãoPaulo	Pequeno	-50.8955600000	-20.0766700000
8826	7.8	9	23	08	2006	SãoPaulo	Pequeno	-50.8955600000	-20.0766700000
8826	6	3	23	08	2006	SãoPaulo	Pequeno	-50.8955600000	-20.0766700000
8826	4.5	2	23	08	2006	SãoPaulo	Pequeno	-50.8955600000	-20.0766700000
8826	4.8	2	23	08	2006	SãoPaulo	Pequeno	-50.8955600000	-20.0766700000
8826	4.3	2	23	08	2006	SãoPaulo	Pequeno	-50.8955600000	-20.0766700000
8826	4.3	1	23	08	2006	SãoPaulo	Pequeno	-50.8955600000	-20.0766700000
8826	3.9	1	23	08	2006	SãoPaulo	Pequeno	-50.8955600000	-20.0766700000
8826	3.9	1	23	08	2006	SãoPaulo	Pequeno	-50.8955600000	-20.0766700000
8826	3.6	1	23	08	2006	SãoPaulo	Pequeno	-50.8955600000	-20.0766700000
8950	12.2	37	24	08	2006	MatoGrossodoSul	Pequeno	-51.0427800000	-20.0016700000
8861	17.3	96	25	08	2006	MatoGrossodoSul	Pequeno	-51.0580600000	-19.8744400000
8861	5.1	2	25	08	2006	MatoGrossodoSul	Pequeno	-51.0580600000	-19.8744400000
8861	5.8	3	25	08	2006	MatoGrossodoSul	Pequeno	-51.0580600000	-19.8744400000
8861	6	3	25	08	2006	MatoGrossodoSul	Pequeno	-51.0580600000	-19.8744400000
8861	4.2	1	25	08	2006	MatoGrossodoSul	Pequeno	-51.0580600000	-19.8744400000
8861	5.9	4	25	08	2006	MatoGrossodoSul	Pequeno	-51.0580600000	-19.8744400000
8861	4.3	1	25	08	2006	MatoGrossodoSul	Pequeno	-51.0580600000	-19.8744400000
8861	6.3	4	25	08	2006	MatoGrossodoSul	Pequeno	-51.0580600000	-19.8744400000
8861	5.4	3	25	08	2006	MatoGrossodoSul	Pequeno	-51.0580600000	-19.8744400000
8861	4.1	1	25	08	2006	MatoGrossodoSul	Pequeno	-51.0580600000	-19.8744400000
8927	8.5	11	25	08	2006	MinasGerais	Pequeno	-50.9983300000	-19.8850000000
8927	4.8	2	25	08	2006	MinasGerais	Pequeno	-50.9983300000	-19.8850000000
8927	4.8	2	25	08	2006	MinasGerais	Pequeno	-50.9983300000	-19.8850000000
8801	6.7	6	26	08	2006	MatoGrossodoSul	Pequeno	-51.2052800000	-20.1761100000
9006	8.1	11	26	08	2006	MatoGrossodoSul	Pequeno	-51.1986100000	-20.2719400000
9006	6.8	5	26	08	2006	MatoGrossodoSul	Pequeno	-51.1986100000	-20.2719400000
9006	5.4	3	26	08	2006	MatoGrossodoSul	Pequeno	-51.1986100000	-20.2719400000
9006	4.6	2	26	08	2006	MatoGrossodoSul	Pequeno	-51.1986100000	-20.2719400000
9006	6	4	26	08	2006	MatoGrossodoSul	Pequeno	-51.1986100000	-20.2719400000
9006	5.6	4	26	08	2006	MatoGrossodoSul	Pequeno	-51.1986100000	-20.2719400000
9006	5.7	3	26	08	2006	MatoGrossodoSul	Pequeno	-51.1986100000	-20.2719400000
9006	7.6	9	26	08	2006	MatoGrossodoSul	Pequeno	-51.1986100000	-20.2719400000
9006	4.4	1	26	08	2006	MatoGrossodoSul	Pequeno	-51.1986100000	-20.2719400000
8911	4.8	1	27	08	2006	MatoGrossodoSul	Pequeno	-51.4130600000	-20.2852800000
8911	4.5	1	27	08	2006	MatoGrossodoSul	Pequeno	-51.4130600000	-20.2852800000
8911	4.7	2	27	08	2006	MatoGrossodoSul	Pequeno	-51.4130600000	-20.2852800000
8911	3.9	1	27	08	2006	MatoGrossodoSul	Pequeno	-51.4130600000	-20.2852800000
9026	7	7	27	08	2006	MatoGrossodoSul	Pequeno	-51.2966700000	-20.2802800000
9026	5.9	4	27	08	2006	MatoGrossodoSul	Pequeno	-51.2966700000	-20.2802800000
9026	5.3	3	27	08	2006	MatoGrossodoSul	Pequeno	-51.2966700000	-20.2802800000
9026	6.4	5	27	08	2006	MatoGrossodoSul	Pequeno	-51.2966700000	-20.2802800000
9026	5	3	27	08	2006	MatoGrossodoSul	Pequeno	-51.2966700000	-20.2802800000
9026	5.7	3	27	08	2006	MatoGrossodoSul	Pequeno	-51.2966700000	-20.2802800000
9026	3.8	1	27	08	2006	MatoGrossodoSul	Pequeno	-51.2966700000	-20.2802800000
9026	3.7	1	27	08	2006	MatoGrossodoSul	Pequeno	-51.2966700000	-20.2802800000
8869	9	14	28	08	2006	SãoPaulo	Pequeno	-51.2744400000	-20.4500000000
8869	9.4	15	28	08	2006	SãoPaulo	Pequeno	-51.2744400000	-20.4500000000
8869	10.1	23	28	08	2006	SãoPaulo	Pequeno	-51.2744400000	-20.4500000000
8980	20	426	28	08	2006	SãoPaulo	Pequeno	-51.2450000000	-20.4138900000
8980	11.6	32	28	08	2006	SãoPaulo	Pequeno	-51.2450000000	-20.4138900000
8980	5.4	3	28	08	2006	SãoPaulo	Pequeno	-51.2450000000	-20.4138900000
8980	5.3	2	28	08	2006	SãoPaulo	Pequeno	-51.2450000000	-20.4138900000
8980	4.7	2	28	08	2006	SãoPaulo	Pequeno	-51.2450000000	-20.4138900000
8980	7.2	7	28	08	2006	SãoPaulo	Pequeno	-51.2450000000	-20.4138900000
8980	5.3	2	28	08	2006	SãoPaulo	Pequeno	-51.2450000000	-20.4138900000
8994	3.7	1	28	08	2006	SãoPaulo	Pequeno	-51.2905600000	-20.4086100000
8792	5.2	2	29	08	2006	SãoPaulo	Pequeno	-51.1397200000	-20.3952800000
8792	4.9	2	29	08	2006	SãoPaulo	Pequeno	-51.1397200000	-20.3952800000
8792	5.8	4	29	08	2006	SãoPaulo	Pequeno	-51.1397200000	-20.3952800000
8792	4.2	2	29	08	2006	SãoPaulo	Pequeno	-51.1397200000	-20.3952800000
8792	3.6	1	29	08	2006	SãoPaulo	Pequeno	-51.1397200000	-20.3952800000
8792	3.3	1	29	08	2006	SãoPaulo	Pequeno	-51.1397200000	-20.3952800000
9045	4.7	2	29	08	2006	SãoPaulo	Pequeno	-51.1325000000	-20.3991700000
9045	5.4	3	29	08	2006	SãoPaulo	Pequeno	-51.1325000000	-20.3991700000
9045	5.7	4	29	08	2006	SãoPaulo	Pequeno	-51.1325000000	-20.3991700000
9045	4.9	3	29	08	2006	SãoPaulo	Pequeno	-51.1325000000	-20.3991700000
10184	8.4	12	29	03	2007	SãoPaulo	Pequeno	-48.7025000000	-21.2836100000
10335	17.4	118	21	04	2007	SãoPaulo	Pequeno	-50.9211100000	-21.0169400000
10335	9.1	15	21	04	2007	SãoPaulo	Pequeno	-50.9211100000	-21.0169400000
10368	6.5	6	21	04	2007	SãoPaulo	Pequeno	-50.8119400000	-21.0644400000
10368	6.4	2	21	04	2007	SãoPaulo	Pequeno	-50.8119400000	-21.0644400000
10470	18	143	08	06	2007	Goias	Pequeno	-48.6775000000	-17.7025000000
10560	17.6	103	10	06	2007	MinasGerais	Pequeno	-49.1886100000	-18.4994400000
11087	7	7	22	03	2008	SãoPaulo	Pequeno	-50.5502800000	-20.6805600000
11311	16.8	97	15	09	2008	SãoPaulo	Pequeno	-49.2363900000	-22.8138900000
11311	9.9	20	15	09	2008	SãoPaulo	Pequeno	-49.2363900000	-22.8138900000
11311	4.9	3	15	09	2008	SãoPaulo	Pequeno	-49.2363900000	-22.8138900000
12826	4.7	2	28	04	2009	SãoPaulo	Pequeno	-45.9672200000	-23.5986100000
12994	16	93	29	09	2009	SãoPaulo	Pequeno	-49.2902800000	-20.6005600000
12994	16.2	99	29	09	2009	SãoPaulo	Pequeno	-49.2902800000	-20.6005600000
12994	6.5	4	29	09	2009	SãoPaulo	Pequeno	-49.2902800000	-20.6005600000
13002	5.2	3	01	10	2009	SãoPaulo	Pequeno	-48.9002800000	-21.1805600000
15396	14.5	55	01	10	2009	SãoPaulo	Pequeno	-47.7102800000	-23.8105600000
13014	26	543	23	03	2010	SãoPaulo	Pequeno	-48.9002800000	-21.1805600000
13014	10.8	1	23	03	2010	SãoPaulo	Pequeno	-48.9002800000	-21.1805600000
13014	4.3	2	23	03	2010	SãoPaulo	Pequeno	-48.9002800000	-21.1805600000
12996	6.6	5	26	03	2010	SãoPaulo	Pequeno	-49.2902800000	-20.6005600000
12996	4.5	2	26	03	2010	SãoPaulo	Pequeno	-49.2902800000	-20.6005600000
12996	4.4	2	26	03	2010	SãoPaulo	Pequeno	-49.2902800000	-20.6005600000
12996	3.5	1	26	03	2010	SãoPaulo	Pequeno	-49.2902800000	-20.6005600000
12996	4.4	2	26	03	2010	SãoPaulo	Pequeno	-49.2902800000	-20.6005600000
12683	11.5	31	01	04	2010	MinasGerais	Pequeno	-47.1452800000	-19.1327800000
12753	20	175	01	09	2010	SãoPaulo	Pequeno	-49.7930600000	-21.2922200000
12774	21.7	334	01	09	2010	SãoPaulo	Pequeno	-49.7969400000	-21.3016700000
12774	17.4	127	01	09	2010	SãoPaulo	Pequeno	-49.7969400000	-21.3016700000
12792	21.7	259	02	09	2010	SãoPaulo	Pequeno	-49.7547200000	-21.3727800000
12792	11.6	32	02	09	2010	SãoPaulo	Pequeno	-49.7547200000	-21.3727800000
12792	17.9	134	02	09	2010	SãoPaulo	Pequeno	-49.7547200000	-21.3727800000
12803	11.9	36	03	09	2010	SãoPaulo	Pequeno	-49.6747200000	-21.2016700000
12803	4.9	2	03	09	2010	SãoPaulo	Pequeno	-49.6747200000	-21.2016700000
13683	11.3	27	26	11	2010	SãoPaulo	Pequeno	-47.2863900000	-23.7736100000
13683	8.7	11	26	11	2010	SãoPaulo	Pequeno	-47.2863900000	-23.7736100000
13683	9.7	17	26	11	2010	SãoPaulo	Pequeno	-47.2863900000	-23.7736100000
13031	5.3	3	17	12	2010	SãoPaulo	Pequeno	-50.6841700000	-22.3841700000
14592	8.6	12	01	04	2011	SãoPaulo	Pequeno	-48.9702800000	-21.0988900000
13949	14.9	67	15	06	2011	MinasGerais	Pequeno	-45.3302800000	-22.4941700000
13949	15.3	80	15	06	2011	MinasGerais	Pequeno	-45.3302800000	-22.4941700000
13949	14.7	60	15	06	2011	MinasGerais	Pequeno	-45.3302800000	-22.4941700000
13949	16.3	84	15	06	2011	MinasGerais	Pequeno	-45.3302800000	-22.4941700000
14098	12.3	28	27	08	2011	SãoPaulo	Pequeno	-50.1511100000	-21.7894400000
14842	15.5	68	01	09	2011	MinasGerais	Pequeno	-42.7658300000	-19.5202800000
14842	9	14	01	09	2011	MinasGerais	Pequeno	-42.7658300000	-19.5202800000
14842	10.7	21	01	09	2011	MinasGerais	Pequeno	-42.7658300000	-19.5202800000
14842	9.4	13	01	09	2011	MinasGerais	Pequeno	-42.7658300000	-19.5202800000
14842	6.7	5	01	09	2011	MinasGerais	Pequeno	-42.7658300000	-19.5202800000
15148	16.9	139	04	10	2011	SãoPaulo	Pequeno	-49.8786100000	-20.7238900000
15148	12.2	37	04	10	2011	SãoPaulo	Pequeno	-49.8786100000	-20.7238900000
14813	15.3	79	12	11	2011	SãoPaulo	Pequeno	-49.3975000000	-21.1736100000
14813	11.7	30	12	11	2011	SãoPaulo	Pequeno	-49.3975000000	-21.1736100000
15509	4.3	2	13	11	2011	SãoPaulo	Pequeno	-49.3011100000	-20.8891700000
15509	4.2	2	13	11	2011	SãoPaulo	Pequeno	-49.3011100000	-20.8891700000
15509	4	1	13	11	2011	SãoPaulo	Pequeno	-49.3011100000	-20.8891700000
15458	6.8	6	08	02	2012	SãoPaulo	Pequeno	-51.7233300000	-20.9927800000
15481	13.1	39	08	02	2012	SãoPaulo	Pequeno	-51.7013900000	-21.0005600000
15888	11.8	28	01	06	2012	SãoPaulo	Pequeno	-47.1486100000	-23.9141700000
16011	23	236	06	06	2012	Goias	Pequeno	-49.6013900000	-16.6191700000
16029	10.4	26	09	06	2012	Goias	Pequeno	-50.5586100000	-17.5419400000
16029	12.8	46	09	06	2012	Goias	Pequeno	-50.5586100000	-17.5419400000
15878	7.3	8	10	06	2012	Goias	Pequeno	-50.8044400000	-17.7836100000
18491	8.5	11	31	10	2012	SãoPaulo	Pequeno	-48.4858300000	-22.0555600000
17724	15.1	69	15	12	2012	SãoPaulo	Pequeno	-47.7719400000	-21.9019400000
20049	23.5	261	01	04	2014	SãoPaulo	Pequeno	-46.9847200000	-21.9650000000
20199	7.4	8	31	12	2014	SãoPaulo	Pequeno	-49.3975000000	-21.1736100000
20199	5.2	3	31	12	2014	SãoPaulo	Pequeno	-49.3975000000	-21.1736100000
20199	4	1	31	12	2014	SãoPaulo	Pequeno	-49.3975000000	-21.1736100000
20199	4	1	31	12	2014	SãoPaulo	Pequeno	-49.3975000000	-21.1736100000
21063	16.6	77	01	12	2015	SãoPaulo	Pequeno	-45.5234166667	-22.9315277778
21063	12.9	35	01	12	2015	SãoPaulo	Pequeno	-45.5234166667	-22.9315277778
21063	9.1	13	01	12	2015	SãoPaulo	Pequeno	-45.5234166667	-22.9315277778
21330	19.4	142	10	01	2017	SãoPaulo	Pequeno	-47.7687805556	-23.3263888889
21330	6.4	5	10	01	2017	SãoPaulo	Pequeno	-47.7687805556	-23.3263888889
