catalognumber	CP	P	day	month	ANO	state	Amb	Longitude	Latitude
1019	5	2	10	03	1980	SăoPaulo	Grande	-49.3872200000	-20.6566700000
3505	4.4	2	19	04	1980	SăoPaulo	Grande	-49.4061100000	-20.7019400000
1023	4.6	2	04	07	1980	SăoPaulo	Grande	-49.3872200000	-20.6566700000
1023	5.4	3	04	07	1980	SăoPaulo	Grande	-49.3872200000	-20.6566700000
960	12.8	37	16	12	1980	SăoPaulo	Grande	-49.4030600000	-20.6452800000
960	8.1	9	16	12	1980	SăoPaulo	Grande	-49.4030600000	-20.6452800000
3344	5.3	3	17	12	1980	SăoPaulo	Pequeno	-49.5480600000	-21.0766700000
1020	4.4	2	30	12	1980	SăoPaulo	Grande	-49.3872200000	-20.6566700000
7263	18.5	212	30	12	1980	SăoPaulo	Grande	-49.4202800000	-20.6088900000
7263	21.7	224	30	12	1980	SăoPaulo	Grande	-49.4202800000	-20.6088900000
1018	5.6	3	27	01	1981	SăoPaulo	Grande	-49.3872200000	-20.6566700000
1018	8	11	27	01	1981	SăoPaulo	Grande	-49.3872200000	-20.6566700000
951	7	6	24	12	1981	SăoPaulo	Grande	-49.4030600000	-20.6452800000
964	3.6	1	20	01	1984	SăoPaulo	Grande	-49.3872200000	-20.6566700000
965	5.1	3	30	04	1984	SăoPaulo	Pequeno	-49.2683300000	-20.9027800000
965	4.4	1	30	04	1984	SăoPaulo	Pequeno	-49.2683300000	-20.9027800000
966	10.4	23	30	04	1984	SăoPaulo	Pequeno	-49.2683300000	-20.9027800000
948	3.9	1	10	09	1984	SăoPaulo	Grande	-49.3872200000	-20.6566700000
957	6.3	5	14	02	1985	SăoPaulo	Pequeno	-49.4638900000	-20.6166700000
961	8.8	15	23	02	1985	SăoPaulo	Grande	-49.3872200000	-20.6566700000
18309	8.5	14	12	03	1985	SăoPaulo	Grande	-49.4202800000	-20.6088900000
1925	12.6	43	05	09	1985	SăoPaulo	Grande	-49.4202800000	-20.6088900000
3330	10.2	21	05	09	1985	SăoPaulo	Grande	-49.3872200000	-20.6566700000
3387	12.9	45	17	12	1985	SăoPaulo	Pequeno	-49.4638900000	-20.6166700000
3387	11.1	27	17	12	1985	SăoPaulo	Pequeno	-49.4638900000	-20.6166700000
2182	7.9	9	15	05	1986	SăoPaulo	Pequeno	-48.0022200000	-24.6925000000
2182	3.5	1	15	05	1986	SăoPaulo	Pequeno	-48.0022200000	-24.6925000000
1919	16.2	96	31	12	1986	SăoPaulo	Pequeno	-49.4638900000	-20.6166700000
1919	15	76	31	12	1986	SăoPaulo	Pequeno	-49.4638900000	-20.6166700000
1919	16.4	85	31	12	1986	SăoPaulo	Pequeno	-49.4638900000	-20.6166700000
3221	16.5	86	13	10	1987	SăoPaulo	Pequeno	-48.0022200000	-24.6925000000
3411	19.4	128	01	01	1988	SăoPaulo	Pequeno	-48.1163900000	-22.2791700000
3411	17.5	108	01	01	1988	SăoPaulo	Pequeno	-48.1163900000	-22.2791700000
971	12.5	44	10	03	1988	SăoPaulo	Grande	-49.3933300000	-21.1911100000
971	9.1	15	10	03	1988	SăoPaulo	Grande	-49.3933300000	-21.1911100000
969	19.4	140	25	03	1988	SăoPaulo	Pequeno	-49.9802800000	-22.8905600000
969	19	138	25	03	1988	SăoPaulo	Pequeno	-49.9802800000	-22.8905600000
969	16.8	97	25	03	1988	SăoPaulo	Pequeno	-49.9802800000	-22.8905600000
969	18.4	136	25	03	1988	SăoPaulo	Pequeno	-49.9802800000	-22.8905600000
1026	7.6	9	12	04	1988	SăoPaulo	Grande	-49.4002800000	-21.2705600000
968	5.2	2	30	09	1988	SăoPaulo	Pequeno	-51.5019400000	-20.8225000000
970	10.9	25	04	10	1988	SăoPaulo	Grande	-49.3933300000	-21.1911100000
963	10.8	23	23	11	1988	SăoPaulo	Grande	-49.4202800000	-20.6088900000
949	6.5	6	14	12	1988	SăoPaulo	Pequeno	-49.4638900000	-20.6166700000
949	4	1	14	12	1988	SăoPaulo	Pequeno	-49.4638900000	-20.6166700000
949	3.5	1	14	12	1988	SăoPaulo	Pequeno	-49.4638900000	-20.6166700000
949	3.5	1	14	12	1988	SăoPaulo	Pequeno	-49.4638900000	-20.6166700000
967	14	61	26	02	1989	SăoPaulo	Grande	-49.3933300000	-21.1911100000
967	8.7	14	26	02	1989	SăoPaulo	Grande	-49.3933300000	-21.1911100000
1926	28	320	16	04	1989	SăoPaulo	Pequeno	-50.0577800000	-20.5405600000
953	11.1	28	09	01	1990	SăoPaulo	Grande	-49.3772200000	-21.0427800000
953	5.2	3	09	01	1990	SăoPaulo	Grande	-49.3772200000	-21.0427800000
18385	7.1	7	24	01	1990	SăoPaulo	Pequeno	-49.4638900000	-20.6166700000
972	17.1	115	21	02	1990	SăoPaulo	Pequeno	-49.4638900000	-20.6166700000
2014	3.9	1	22	12	1990	SăoPaulo	Pequeno	-49.4638900000	-20.6166700000
958	13	48	18	11	1991	SăoPaulo	Grande	-49.3772200000	-21.0427800000
955	7.8	9	07	04	1992	SăoPaulo	Grande	-49.3550000000	-20.7738900000
954	9	16	22	04	1992	SăoPaulo	Grande	-49.3550000000	-20.7738900000
3448	17.5	110	16	11	1992	SăoPaulo	Grande	-49.3933300000	-21.1911100000
3448	11.8	33	16	11	1992	SăoPaulo	Grande	-49.3933300000	-21.1911100000
3448	5.6	3	16	11	1992	SăoPaulo	Grande	-49.3933300000	-21.1911100000
2258	7.7	9	08	02	1993	SăoPaulo	Pequeno	-45.4305600000	-23.5305600000
18341	10.2	18	17	01	1997	SăoPaulo	Grande	-49.3933300000	-21.1911100000
18341	4.9	2	17	01	1997	SăoPaulo	Grande	-49.3933300000	-21.1911100000
12827	10.1	23	08	01	1998	SăoPaulo	Grande	-45.7358300000	-23.5641700000
2946	14	57	24	05	1998	SăoPaulo	Grande	-49.2897200000	-20.8683300000
4070	18.3	137	27	08	1998	SăoPaulo	Grande	-49.3652800000	-20.8527800000
3768	6.5	6	21	03	1999	SăoPaulo	Grande	-49.3513900000	-20.8441700000
3768	4.8	2	21	03	1999	SăoPaulo	Grande	-49.3513900000	-20.8441700000
3774	5.8	4	8	8	1999	SăoPaulo	Grande	-49.3588900000	-20.8608300000
6698	16	93	23	09	1999	SăoPaulo	Grande	-49.2897200000	-20.8683300000
5186	18.5	237	24	09	1999	MatoGrossodoSul	Pequeno	-51.6311100000	-20.8555600000
4760	9.4	16	14	06	2001	SăoPaulo	Pequeno	-53.0583300000	-22.5675000000
592	15	67	26	9	2001	SăoPaulo	Grande	-50.4008300000	-20.2877800000
592	11.3	27	26	9	2001	SăoPaulo	Grande	-50.4008300000	-20.2877800000
4907	13	44	14	10	2001	SăoPaulo	Pequeno	-50.4705600000	-20.2113900000
4907	10.9	27	14	10	2001	SăoPaulo	Pequeno	-50.4705600000	-20.2113900000
4907	10.4	21	14	10	2001	SăoPaulo	Pequeno	-50.4705600000	-20.2113900000
5014	3.7	1	22	11	2001	SăoPaulo	Pequeno	-49.3683300000	-20.8086100000
5004	18.2	132	15	12	2001	SăoPaulo	Grande	-50.3277800000	-19.9211100000
5004	10.5	25	15	12	2001	SăoPaulo	Grande	-50.3277800000	-19.9211100000
5004	7.6	8	15	12	2001	SăoPaulo	Grande	-50.3277800000	-19.9211100000
5085	9.8	20	15	01	2002	SăoPaulo	Grande	-50.5008300000	-20.2127800000
5085	8.5	13	15	01	2002	SăoPaulo	Grande	-50.5008300000	-20.2127800000
6234	4.2	2	07	05	2002	SăoPaulo	Pequeno	-49.3683300000	-20.8086100000
6234	8.7	12	07	05	2002	SăoPaulo	Pequeno	-49.3683300000	-20.8086100000
5306	15.2	79	05	10	2002	SăoPaulo	Grande	-50.4844400000	-20.1966700000
5306	15.7	84	05	10	2002	SăoPaulo	Grande	-50.4844400000	-20.1966700000
5306	14.7	67	05	10	2002	SăoPaulo	Grande	-50.4844400000	-20.1966700000
8004	7.3	7	04	02	2003	SăoPaulo	Grande	-47.7025000000	-22.5638900000
6959	7.1	7	06	02	2003	SăoPaulo	Grande	-50.3102800000	-21.4555600000
6959	7.1	6	06	02	2003	SăoPaulo	Grande	-50.3102800000	-21.4555600000
7252	5.6	3	26	02	2003	SăoPaulo	Grande	-49.3933300000	-21.1911100000
5847	11.8	31	15	03	2003	SăoPaulo	Grande	-49.5811100000	-20.7794400000
5860	9.7	18	15	03	2003	SăoPaulo	Grande	-49.7100000000	-20.7147200000
5860	6.8	5	15	03	2003	SăoPaulo	Grande	-49.7100000000	-20.7147200000
5860	4.2	1	15	03	2003	SăoPaulo	Grande	-49.7100000000	-20.7147200000
5860	5.1	3	15	03	2003	SăoPaulo	Grande	-49.7100000000	-20.7147200000
5869	12.8	39	16	03	2003	SăoPaulo	Grande	-49.7116700000	-20.6083300000
5833	18.5	149	19	03	2003	SăoPaulo	Grande	-49.5630600000	-20.8222200000
5891	8.6	11	12	04	2003	SăoPaulo	Grande	-49.8925000000	-20.6255600000
5902	26	454	12	04	2003	SăoPaulo	Grande	-49.9683300000	-20.6127800000
5923	9.2	17	12	04	2003	SăoPaulo	Grande	-50.0211100000	-20.6741700000
5923	8.3	13	12	04	2003	SăoPaulo	Grande	-50.0211100000	-20.6741700000
5923	9.3	17	12	04	2003	SăoPaulo	Grande	-50.0211100000	-20.6741700000
5923	9	14	12	04	2003	SăoPaulo	Grande	-50.0211100000	-20.6741700000
5915	6.4	4	13	04	2003	SăoPaulo	Grande	-49.9352800000	-20.5419400000
5936	8.8	14	17	04	2003	SăoPaulo	Grande	-50.0213900000	-20.6313900000
5985	8.1	9	24	05	2003	SăoPaulo	Grande	-50.2633300000	-20.4441700000
6001	10.9	27	24	05	2003	SăoPaulo	Pequeno	-50.2844400000	-20.3294400000
6001	10.7	25	24	05	2003	SăoPaulo	Pequeno	-50.2844400000	-20.3294400000
6001	4.7	2	24	05	2003	SăoPaulo	Pequeno	-50.2844400000	-20.3294400000
5990	8.1	12	24	5	2003	SăoPaulo	Grande	-50.2633300000	-20.4441700000
5990	8.5	12	24	5	2003	SăoPaulo	Grande	-50.2633300000	-20.4441700000
5990	5.1	3	24	5	2003	SăoPaulo	Grande	-50.2633300000	-20.4441700000
5990	6.7	5	24	5	2003	SăoPaulo	Grande	-50.2633300000	-20.4441700000
5990	6.2	5	24	5	2003	SăoPaulo	Grande	-50.2633300000	-20.4441700000
5990	6.8	6	24	5	2003	SăoPaulo	Grande	-50.2633300000	-20.4441700000
5990	6.6	6	24	5	2003	SăoPaulo	Grande	-50.2633300000	-20.4441700000
6011	11.5	32	25	05	2003	SăoPaulo	Grande	-50.3847200000	-20.3144400000
6011	9.6	21	25	05	2003	SăoPaulo	Grande	-50.3847200000	-20.3144400000
6023	21.5	277	25	05	2003	SăoPaulo	Grande	-50.4725000000	-20.4627800000
6023	21	294	25	05	2003	SăoPaulo	Grande	-50.4725000000	-20.4627800000
6023	3.6	1	25	05	2003	SăoPaulo	Grande	-50.4725000000	-20.4627800000
6044	16.2	83	03	06	2003	SăoPaulo	Grande	-50.4222200000	-20.6025000000
6051	7.3	8	03	06	2003	SăoPaulo	Grande	-50.3716700000	-20.6286100000
6062	14.5	66	03	07	2003	SăoPaulo	Grande	-50.5680600000	-20.6058300000
6062	16.9	108	03	07	2003	SăoPaulo	Grande	-50.5680600000	-20.6058300000
6062	13.5	44	03	07	2003	SăoPaulo	Grande	-50.5680600000	-20.6058300000
6062	16.4	94	03	07	2003	SăoPaulo	Grande	-50.5680600000	-20.6058300000
6062	13.2	37	03	07	2003	SăoPaulo	Grande	-50.5680600000	-20.6058300000
6062	10.3	17	03	07	2003	SăoPaulo	Grande	-50.5680600000	-20.6058300000
6062	10.4	17	03	07	2003	SăoPaulo	Grande	-50.5680600000	-20.6058300000
6062	11.9	29	03	07	2003	SăoPaulo	Grande	-50.5680600000	-20.6058300000
6062	8.5	11	03	07	2003	SăoPaulo	Grande	-50.5680600000	-20.6058300000
6095	9.2	16	14	07	2003	SăoPaulo	Grande	-50.5858300000	-20.3830600000
6127	7.2	7	15	07	2003	SăoPaulo	Grande	-50.6786100000	-20.3475000000
6127	6.8	6	15	07	2003	SăoPaulo	Grande	-50.6786100000	-20.3475000000
6127	5.4	3	15	07	2003	SăoPaulo	Grande	-50.6786100000	-20.3475000000
6142	17.2	121	16	07	2003	SăoPaulo	Grande	-50.7816700000	-20.3863900000
6142	9.6	16	16	07	2003	SăoPaulo	Grande	-50.7816700000	-20.3863900000
7984	16.9	85	17	07	2003	SăoPaulo	Pequeno	-47.5091700000	-22.3744400000
7984	13	40	17	07	2003	SăoPaulo	Pequeno	-47.5091700000	-22.3744400000
7984	11.5	37	17	07	2003	SăoPaulo	Pequeno	-47.5091700000	-22.3744400000
7984	6.5	5	17	07	2003	SăoPaulo	Pequeno	-47.5091700000	-22.3744400000
7984	7.9	11	17	07	2003	SăoPaulo	Pequeno	-47.5091700000	-22.3744400000
7984	11	26	17	07	2003	SăoPaulo	Pequeno	-47.5091700000	-22.3744400000
7984	7.8	9	17	07	2003	SăoPaulo	Pequeno	-47.5091700000	-22.3744400000
7984	8.3	11	17	07	2003	SăoPaulo	Pequeno	-47.5091700000	-22.3744400000
7984	6.5	5	17	07	2003	SăoPaulo	Pequeno	-47.5091700000	-22.3744400000
7984	6.2	4	17	07	2003	SăoPaulo	Pequeno	-47.5091700000	-22.3744400000
7984	6.6	5	17	07	2003	SăoPaulo	Pequeno	-47.5091700000	-22.3744400000
6086	17	111	17	07	2003	SăoPaulo	Grande	-51.0488900000	-20.5247200000
6086	6.9	6	17	07	2003	SăoPaulo	Grande	-51.0488900000	-20.5247200000
6181	17.9	157	17	07	2003	SăoPaulo	Grande	-50.9127800000	-20.1516700000
6281	7.7	11	02	08	2003	SăoPaulo	Pequeno	-49.4597200000	-21.0216700000
7159	7.4	7	18	08	2003	SăoPaulo	Grande	-49.4030600000	-20.6452800000
7173	7.5	9	22	08	2003	SăoPaulo	Grande	-49.3933300000	-21.1911100000
7236	5.6	3	01	12	2003	SăoPaulo	Grande	-49.3933300000	-21.1911100000
7236	4	1	01	12	2003	SăoPaulo	Grande	-49.3933300000	-21.1911100000
6349	4.3	2	03	02	2004	SăoPaulo	Pequeno	-49.4597200000	-21.0216700000
6224	11.7	32	7	2	2004	SăoPaulo	Pequeno	-49.2202800000	-20.7950000000
6537	19.3	134	12	03	2004	SăoPaulo	Pequeno	-49.4877800000	-20.9888900000
6423	5.2	3	16	04	2004	SăoPaulo	Grande	-49.3519400000	-20.8411100000
6441	6.2	4	17	04	2004	SăoPaulo	Grande	-49.4577800000	-20.7850000000
8065	9.5	16	17	04	2004	SăoPaulo	Grande	-49.6783300000	-20.8138900000
6455	10.7	22	21	04	2004	SăoPaulo	Grande	-49.3200000000	-20.8936100000
6455	4.1	1	21	04	2004	SăoPaulo	Grande	-49.3200000000	-20.8936100000
7434	7.9	8	24	06	2004	SăoPaulo	Grande	-50.9411100000	-20.0791700000
7426	6	4	24	06	2004	SăoPaulo	Grande	-50.8158300000	-20.1333300000
7406	16.4	95	25	06	2004	SăoPaulo	Grande	-50.6219400000	-19.9913900000
7406	10.8	23	25	06	2004	SăoPaulo	Grande	-50.6219400000	-19.9913900000
8098	6.9	6	08	07	2004	SăoPaulo	Grande	-49.6688900000	-20.8341700000
7346	17	88	14	07	2004	SăoPaulo	Grande	-50.4927800000	-20.1683300000
7346	8	9	14	07	2004	SăoPaulo	Grande	-50.4927800000	-20.1683300000
7322	17	90	19	07	2004	SăoPaulo	Grande	-50.4472200000	-19.9727800000
7322	8	11	19	07	2004	SăoPaulo	Grande	-50.4472200000	-19.9727800000
7327	19.5	117	19	07	2004	SăoPaulo	Grande	-50.4847200000	-20.2436100000
7336	8.9	13	19	07	2004	SăoPaulo	Grande	-50.4375000000	-20.1550000000
7336	7.4	7	19	07	2004	SăoPaulo	Grande	-50.4375000000	-20.1550000000
7336	9.3	14	19	07	2004	SăoPaulo	Grande	-50.4375000000	-20.1550000000
7273	4.3	1	21	07	2004	SăoPaulo	Grande	-49.9602800000	-20.2044400000
7264	16.2	83	21	07	2004	SăoPaulo	Grande	-49.9252800000	-20.2888900000
7264	9	16	21	07	2004	SăoPaulo	Grande	-49.9252800000	-20.2888900000
7367	13	46	21	07	2004	SăoPaulo	Grande	-50.3797200000	-20.1425000000
6664	6.2	5	13	08	2004	SăoPaulo	Grande	-49.3519400000	-20.8411100000
8121	9.4	17	15	08	2004	SăoPaulo	Grande	-49.6561100000	-20.8522200000
6926	9.9	17	23	10	2004	SăoPaulo	Grande	-49.3191700000	-20.8377800000
10078	14.9	59	01	01	2005	MatoGrossodoSul	Pequeno	-51.9302800000	-19.7261100000
8197	13.8	51	15	01	2005	SăoPaulo	Grande	-49.6561100000	-20.8522200000
8220	4.7	2	15	01	2005	SăoPaulo	Grande	-49.6783300000	-20.8138900000
8234	9.7	18	01	02	2005	SăoPaulo	Grande	-49.6561100000	-20.8522200000
7142	5.7	4	20	02	2005	SăoPaulo	Grande	-49.3519400000	-20.8411100000
7142	5.6	3	20	02	2005	SăoPaulo	Grande	-49.3519400000	-20.8411100000
10042	5.9	3	21	02	2005	SăoPaulo	Pequeno	-49.2775000000	-20.3530600000
10042	4.5	2	21	02	2005	SăoPaulo	Pequeno	-49.2775000000	-20.3530600000
8275	4.1	2	02	04	2005	SăoPaulo	Grande	-49.6561100000	-20.8522200000
7460	7.9	9	22	04	2005	MatoGrossodoSul	Grande	-53.8186100000	-22.1516700000
7520	6.2	5	23	04	2005	MatoGrossodoSul	Pequeno	-53.7833300000	-22.2330600000
7541	13.3	48	23	04	2005	MatoGrossodoSul	Grande	-53.7266700000	-22.0430600000
7603	9.8	18	27	04	2005	SăoPaulo	Pequeno	-47.8927800000	-24.6036100000
7603	11	28	27	04	2005	SăoPaulo	Pequeno	-47.8927800000	-24.6036100000
7619	9.4	16	27	04	2005	SăoPaulo	Pequeno	-47.8963900000	-24.6072200000
7619	6.5	6	27	04	2005	SăoPaulo	Pequeno	-47.8963900000	-24.6072200000
7619	3	1	27	04	2005	SăoPaulo	Pequeno	-47.8963900000	-24.6072200000
7634	11.3	27	27	04	2005	SăoPaulo	Grande	-47.8841700000	-24.6136100000
7639	11	24	27	04	2005	SăoPaulo	Pequeno	-47.8886100000	-24.6122200000
16091	7.2	8	08	07	2005	SăoPaulo	Grande	-49.8161100000	-20.2975000000
16111	11.1	26	08	07	2005	SăoPaulo	Grande	-49.8327800000	-20.3691700000
9666	9.1	16	09	07	2005	SăoPaulo	Grande	-49.6161100000	-20.4233300000
9643	8.5	14	09	07	2005	SăoPaulo	Grande	-49.6855600000	-20.4022200000
7702	4.7	2	11	07	2005	SăoPaulo	Grande	-51.0988900000	-21.2947200000
16076	13	44	13	07	2005	SăoPaulo	Pequeno	-49.8233300000	-20.1100000000
9527	8.2	11	13	07	2005	SăoPaulo	Pequeno	-49.8677800000	-20.1908300000
10036	15.3	74	13	07	2005	SăoPaulo	Pequeno	-49.2775000000	-20.3530600000
10036	8.1	12	13	07	2005	SăoPaulo	Pequeno	-49.2775000000	-20.3530600000
9634	17.4	111	15	07	2005	SăoPaulo	Grande	-49.5469400000	-20.2072200000
16107	11.4	32	15	07	2005	SăoPaulo	Grande	-49.6727800000	-20.0950000000
16107	7.6	9	15	07	2005	SăoPaulo	Grande	-49.6727800000	-20.0950000000
9775	6.6	6	16	07	2005	SăoPaulo	Grande	-49.4650000000	-20.8122200000
9716	5.8	4	27	07	2005	SăoPaulo	Grande	-49.4061100000	-20.7019400000
9747	22.7	256	28	07	2005	SăoPaulo	Grande	-49.0816700000	-20.6947200000
9747	7.6	8	28	07	2005	SăoPaulo	Grande	-49.0816700000	-20.6947200000
9789	15.4	73	30	07	2005	SăoPaulo	Grande	-49.1908300000	-20.9863900000
9789	17.6	100	30	07	2005	SăoPaulo	Grande	-49.1908300000	-20.9863900000
9789	16.8	80	30	07	2005	SăoPaulo	Grande	-49.1908300000	-20.9863900000
9789	10.9	22	30	07	2005	SăoPaulo	Grande	-49.1908300000	-20.9863900000
9789	12.4	34	30	07	2005	SăoPaulo	Grande	-49.1908300000	-20.9863900000
16177	9.7	16	30	07	2005	SăoPaulo	Grande	-49.2344400000	-20.8525000000
9890	10.4	22	16	08	2005	SăoPaulo	Grande	-48.6041700000	-21.1663900000
9841	11.1	29	18	08	2005	SăoPaulo	Pequeno	-48.6775000000	-20.9380600000
9841	8	8	18	08	2005	SăoPaulo	Pequeno	-48.6775000000	-20.9380600000
9865	5.2	3	18	08	2005	SăoPaulo	Grande	-48.9516700000	-21.2122200000
9812	11	25	17	08	2005	SăoPaulo	Grande	-48.9422200000	-20.7036100000
9332	19.4	135	23	09	2005	SăoPaulo	Pequeno	-49.2666700000	-20.4166700000
9332	16	78	23	09	2005	SăoPaulo	Pequeno	-49.2666700000	-20.4166700000
9319	16.6	111	21	10	2005	SăoPaulo	Pequeno	-49.2666700000	-20.4166700000
9319	16.6	91	21	10	2005	SăoPaulo	Pequeno	-49.2666700000	-20.4166700000
9319	17.5	111	21	10	2005	SăoPaulo	Pequeno	-49.2666700000	-20.4166700000
9319	16.9	103	21	10	2005	SăoPaulo	Pequeno	-49.2666700000	-20.4166700000
9319	20.2	173	21	10	2005	SăoPaulo	Pequeno	-49.2666700000	-20.4166700000
9319	17.2	105	21	10	2005	SăoPaulo	Pequeno	-49.2666700000	-20.4166700000
9319	14.9	68	21	10	2005	SăoPaulo	Pequeno	-49.2666700000	-20.4166700000
9319	14.3	68	21	10	2005	SăoPaulo	Pequeno	-49.2666700000	-20.4166700000
8505	7	6	1	6	2006	SăoPaulo	Grande	-48.5213900000	-20.7294400000
8505	6.6	6	1	6	2006	SăoPaulo	Grande	-48.5213900000	-20.7294400000
8383	3.2	1	18	01	2006	SăoPaulo	Grande	-47.6566700000	-21.6813900000
10003	4.8	1	23	03	2006	SăoPaulo	Pequeno	-49.2775000000	-20.3530600000
8553	20.3	196	15	05	2006	SăoPaulo	Grande	-49.4888900000	-20.9988900000
8553	13.2	46	15	05	2006	SăoPaulo	Grande	-49.4888900000	-20.9988900000
8543	12.3	41	15	05	2006	SăoPaulo	Grande	-49.4888900000	-20.9988900000
8580	14.8	60	22	05	2006	MinasGerais	Grande	-46.8241700000	-20.8516700000
9250	7.8	8	25	07	2006	SăoPaulo	Pequeno	-50.0230600000	-20.5788900000
8826	15.3	72	23	08	2006	SăoPaulo	Pequeno	-50.8955600000	-20.0766700000
8826	17	112	23	08	2006	SăoPaulo	Pequeno	-50.8955600000	-20.0766700000
8826	9.5	18	23	08	2006	SăoPaulo	Pequeno	-50.8955600000	-20.0766700000
8826	7	6	23	08	2006	SăoPaulo	Pequeno	-50.8955600000	-20.0766700000
8826	5.5	3	23	08	2006	SăoPaulo	Pequeno	-50.8955600000	-20.0766700000
8826	8.7	14	23	08	2006	SăoPaulo	Pequeno	-50.8955600000	-20.0766700000
8826	7.8	9	23	08	2006	SăoPaulo	Pequeno	-50.8955600000	-20.0766700000
8826	6	3	23	08	2006	SăoPaulo	Pequeno	-50.8955600000	-20.0766700000
8826	4.5	2	23	08	2006	SăoPaulo	Pequeno	-50.8955600000	-20.0766700000
8826	4.8	2	23	08	2006	SăoPaulo	Pequeno	-50.8955600000	-20.0766700000
8826	4.3	2	23	08	2006	SăoPaulo	Pequeno	-50.8955600000	-20.0766700000
8826	4.3	1	23	08	2006	SăoPaulo	Pequeno	-50.8955600000	-20.0766700000
8826	3.9	1	23	08	2006	SăoPaulo	Pequeno	-50.8955600000	-20.0766700000
8826	3.9	1	23	08	2006	SăoPaulo	Pequeno	-50.8955600000	-20.0766700000
8826	3.6	1	23	08	2006	SăoPaulo	Pequeno	-50.8955600000	-20.0766700000
8950	12.2	37	24	08	2006	MatoGrossodoSul	Pequeno	-51.0427800000	-20.0016700000
8861	17.3	96	25	08	2006	MatoGrossodoSul	Pequeno	-51.0580600000	-19.8744400000
8861	5.1	2	25	08	2006	MatoGrossodoSul	Pequeno	-51.0580600000	-19.8744400000
8861	5.8	3	25	08	2006	MatoGrossodoSul	Pequeno	-51.0580600000	-19.8744400000
8861	6	3	25	08	2006	MatoGrossodoSul	Pequeno	-51.0580600000	-19.8744400000
8861	4.2	1	25	08	2006	MatoGrossodoSul	Pequeno	-51.0580600000	-19.8744400000
8861	5.9	4	25	08	2006	MatoGrossodoSul	Pequeno	-51.0580600000	-19.8744400000
8861	4.3	1	25	08	2006	MatoGrossodoSul	Pequeno	-51.0580600000	-19.8744400000
8861	6.3	4	25	08	2006	MatoGrossodoSul	Pequeno	-51.0580600000	-19.8744400000
8861	5.4	3	25	08	2006	MatoGrossodoSul	Pequeno	-51.0580600000	-19.8744400000
8861	4.1	1	25	08	2006	MatoGrossodoSul	Pequeno	-51.0580600000	-19.8744400000
8927	8.5	11	25	08	2006	MinasGerais	Pequeno	-50.9983300000	-19.8850000000
8927	4.8	2	25	08	2006	MinasGerais	Pequeno	-50.9983300000	-19.8850000000
8927	4.8	2	25	08	2006	MinasGerais	Pequeno	-50.9983300000	-19.8850000000
8801	6.7	6	26	08	2006	MatoGrossodoSul	Pequeno	-51.2052800000	-20.1761100000
9006	8.1	11	26	08	2006	MatoGrossodoSul	Pequeno	-51.1986100000	-20.2719400000
9006	6.8	5	26	08	2006	MatoGrossodoSul	Pequeno	-51.1986100000	-20.2719400000
9006	5.4	3	26	08	2006	MatoGrossodoSul	Pequeno	-51.1986100000	-20.2719400000
9006	4.6	2	26	08	2006	MatoGrossodoSul	Pequeno	-51.1986100000	-20.2719400000
9006	6	4	26	08	2006	MatoGrossodoSul	Pequeno	-51.1986100000	-20.2719400000
9006	5.6	4	26	08	2006	MatoGrossodoSul	Pequeno	-51.1986100000	-20.2719400000
9006	5.7	3	26	08	2006	MatoGrossodoSul	Pequeno	-51.1986100000	-20.2719400000
9006	7.6	9	26	08	2006	MatoGrossodoSul	Pequeno	-51.1986100000	-20.2719400000
9006	4.4	1	26	08	2006	MatoGrossodoSul	Pequeno	-51.1986100000	-20.2719400000
8911	4.8	1	27	08	2006	MatoGrossodoSul	Pequeno	-51.4130600000	-20.2852800000
8911	4.5	1	27	08	2006	MatoGrossodoSul	Pequeno	-51.4130600000	-20.2852800000
8911	4.7	2	27	08	2006	MatoGrossodoSul	Pequeno	-51.4130600000	-20.2852800000
8911	3.9	1	27	08	2006	MatoGrossodoSul	Pequeno	-51.4130600000	-20.2852800000
9026	7	7	27	08	2006	MatoGrossodoSul	Pequeno	-51.2966700000	-20.2802800000
9026	5.9	4	27	08	2006	MatoGrossodoSul	Pequeno	-51.2966700000	-20.2802800000
9026	5.3	3	27	08	2006	MatoGrossodoSul	Pequeno	-51.2966700000	-20.2802800000
9026	6.4	5	27	08	2006	MatoGrossodoSul	Pequeno	-51.2966700000	-20.2802800000
9026	5	3	27	08	2006	MatoGrossodoSul	Pequeno	-51.2966700000	-20.2802800000
9026	5.7	3	27	08	2006	MatoGrossodoSul	Pequeno	-51.2966700000	-20.2802800000
9026	3.8	1	27	08	2006	MatoGrossodoSul	Pequeno	-51.2966700000	-20.2802800000
9026	3.7	1	27	08	2006	MatoGrossodoSul	Pequeno	-51.2966700000	-20.2802800000
8869	9	14	28	08	2006	SăoPaulo	Pequeno	-51.2744400000	-20.4500000000
8869	9.4	15	28	08	2006	SăoPaulo	Pequeno	-51.2744400000	-20.4500000000
8869	10.1	23	28	08	2006	SăoPaulo	Pequeno	-51.2744400000	-20.4500000000
8980	20	426	28	08	2006	SăoPaulo	Pequeno	-51.2450000000	-20.4138900000
8980	11.6	32	28	08	2006	SăoPaulo	Pequeno	-51.2450000000	-20.4138900000
8980	5.4	3	28	08	2006	SăoPaulo	Pequeno	-51.2450000000	-20.4138900000
8980	5.3	2	28	08	2006	SăoPaulo	Pequeno	-51.2450000000	-20.4138900000
8980	4.7	2	28	08	2006	SăoPaulo	Pequeno	-51.2450000000	-20.4138900000
8980	7.2	7	28	08	2006	SăoPaulo	Pequeno	-51.2450000000	-20.4138900000
8980	5.3	2	28	08	2006	SăoPaulo	Pequeno	-51.2450000000	-20.4138900000
8994	3.7	1	28	08	2006	SăoPaulo	Pequeno	-51.2905600000	-20.4086100000
8792	5.2	2	29	08	2006	SăoPaulo	Pequeno	-51.1397200000	-20.3952800000
8792	4.9	2	29	08	2006	SăoPaulo	Pequeno	-51.1397200000	-20.3952800000
8792	5.8	4	29	08	2006	SăoPaulo	Pequeno	-51.1397200000	-20.3952800000
8792	4.2	2	29	08	2006	SăoPaulo	Pequeno	-51.1397200000	-20.3952800000
8792	3.6	1	29	08	2006	SăoPaulo	Pequeno	-51.1397200000	-20.3952800000
8792	3.3	1	29	08	2006	SăoPaulo	Pequeno	-51.1397200000	-20.3952800000
9045	4.7	2	29	08	2006	SăoPaulo	Pequeno	-51.1325000000	-20.3991700000
9045	5.4	3	29	08	2006	SăoPaulo	Pequeno	-51.1325000000	-20.3991700000
9045	5.7	4	29	08	2006	SăoPaulo	Pequeno	-51.1325000000	-20.3991700000
9045	4.9	3	29	08	2006	SăoPaulo	Pequeno	-51.1325000000	-20.3991700000
8755	6.4	6	08	09	2006	MinasGerais	Grande	-47.7158300000	-19.6919400000
8755	4.7	3	08	09	2006	MinasGerais	Grande	-47.7158300000	-19.6919400000
9954	4.3	2	21	12	2006	SăoPaulo	Grande	-49.3283300000	-21.6455600000
10170	9.6	19	29	03	2007	SăoPaulo	Grande	-48.7472200000	-21.3600000000
10170	12.1	39	29	03	2007	SăoPaulo	Grande	-48.7472200000	-21.3600000000
10184	8.4	12	29	03	2007	SăoPaulo	Pequeno	-48.7025000000	-21.2836100000
10202	10.4	20	30	03	2007	SăoPaulo	Grande	-48.5758300000	-21.0238900000
10335	17.4	118	21	04	2007	SăoPaulo	Pequeno	-50.9211100000	-21.0169400000
10335	9.1	15	21	04	2007	SăoPaulo	Pequeno	-50.9211100000	-21.0169400000
10368	6.5	6	21	04	2007	SăoPaulo	Pequeno	-50.8119400000	-21.0644400000
10368	6.4	2	21	04	2007	SăoPaulo	Pequeno	-50.8119400000	-21.0644400000
10592	21	232	01	05	2007	SăoPaulo	Grande	-50.7580600000	-20.8130600000
10623	10.6	26	02	05	2007	SăoPaulo	Grande	-50.7136100000	-20.7038900000
10546	5.7	79	12	05	2007	MinasGerais	Grande	-47.7158300000	-19.6919400000
10546	17.1	95	12	05	2007	MinasGerais	Grande	-47.7158300000	-19.6919400000
10759	8.1	9	26	5	2007	SăoPaulo	Grande	-51.5088900000	-20.7938900000
10443	12.5	42	07	06	2007	Goias	Grande	-48.9630600000	-17.7244400000
10470	18	143	08	06	2007	Goias	Pequeno	-48.6775000000	-17.7025000000
10560	17.6	103	10	06	2007	MinasGerais	Pequeno	-49.1886100000	-18.4994400000
10664	7	6	18	07	2007	MatoGrossodoSul	Grande	-51.8077800000	-20.2613900000
10693	6.6	5	19	07	2007	MatoGrossodoSul	Grande	-51.6494400000	-20.1836100000
10704	14.5	62	21	07	2007	MatoGrossodoSul	Grande	-52.1986100000	-19.5463900000
10913	13.6	60	3	8	2007	SăoPaulo	Grande	-49.0805600000	-21.7836100000
10913	11.4	32	3	8	2007	SăoPaulo	Grande	-49.0805600000	-21.7836100000
10867	9.8	16	03	08	2007	SăoPaulo	Grande	-49.0386100000	-21.8130600000
10875	8.2	11	04	08	2007	SăoPaulo	Grande	-49.0386100000	-21.8291700000
17659	13.4	47	31	12	2007	SăoPaulo	Grande	-48.3202800000	-21.2505600000
17659	11	29	31	12	2007	SăoPaulo	Grande	-48.3202800000	-21.2505600000
17659	13.5	46	31	12	2007	SăoPaulo	Grande	-48.3202800000	-21.2505600000
17659	7	7	31	12	2007	SăoPaulo	Grande	-48.3202800000	-21.2505600000
17659	11.7	30	31	12	2007	SăoPaulo	Grande	-48.3202800000	-21.2505600000
17659	9.8	17	31	12	2007	SăoPaulo	Grande	-48.3202800000	-21.2505600000
17659	7.2	7	31	12	2007	SăoPaulo	Grande	-48.3202800000	-21.2505600000
17659	5.7	4	31	12	2007	SăoPaulo	Grande	-48.3202800000	-21.2505600000
17659	4.8	3	31	12	2007	SăoPaulo	Grande	-48.3202800000	-21.2505600000
17659	4.6	2	31	12	2007	SăoPaulo	Grande	-48.3202800000	-21.2505600000
17659	3.8	1	31	12	2007	SăoPaulo	Grande	-48.3202800000	-21.2505600000
11087	7	7	22	03	2008	SăoPaulo	Pequeno	-50.5502800000	-20.6805600000
11311	16.8	97	15	09	2008	SăoPaulo	Pequeno	-49.2363900000	-22.8138900000
11311	9.9	20	15	09	2008	SăoPaulo	Pequeno	-49.2363900000	-22.8138900000
11311	4.9	3	15	09	2008	SăoPaulo	Pequeno	-49.2363900000	-22.8138900000
11680	10	18	29	11	2008	MatoGrossodoSul	Grande	-52.1486100000	-19.0500000000
12826	4.7	2	28	04	2009	SăoPaulo	Pequeno	-45.9672200000	-23.5986100000
12994	16	93	29	09	2009	SăoPaulo	Pequeno	-49.2902800000	-20.6005600000
12994	16.2	99	29	09	2009	SăoPaulo	Pequeno	-49.2902800000	-20.6005600000
12994	6.5	4	29	09	2009	SăoPaulo	Pequeno	-49.2902800000	-20.6005600000
13002	5.2	3	01	10	2009	SăoPaulo	Pequeno	-48.9002800000	-21.1805600000
15396	14.5	55	01	10	2009	SăoPaulo	Pequeno	-47.7102800000	-23.8105600000
13014	26	543	23	03	2010	SăoPaulo	Pequeno	-48.9002800000	-21.1805600000
13014	10.8	1	23	03	2010	SăoPaulo	Pequeno	-48.9002800000	-21.1805600000
13014	4.3	2	23	03	2010	SăoPaulo	Pequeno	-48.9002800000	-21.1805600000
12996	6.6	5	26	03	2010	SăoPaulo	Pequeno	-49.2902800000	-20.6005600000
12996	4.5	2	26	03	2010	SăoPaulo	Pequeno	-49.2902800000	-20.6005600000
12996	4.4	2	26	03	2010	SăoPaulo	Pequeno	-49.2902800000	-20.6005600000
12996	3.5	1	26	03	2010	SăoPaulo	Pequeno	-49.2902800000	-20.6005600000
12996	4.4	2	26	03	2010	SăoPaulo	Pequeno	-49.2902800000	-20.6005600000
12683	11.5	31	01	04	2010	MinasGerais	Pequeno	-47.1452800000	-19.1327800000
12753	20	175	01	09	2010	SăoPaulo	Pequeno	-49.7930600000	-21.2922200000
12774	21.7	334	01	09	2010	SăoPaulo	Pequeno	-49.7969400000	-21.3016700000
12774	17.4	127	01	09	2010	SăoPaulo	Pequeno	-49.7969400000	-21.3016700000
12792	21.7	259	02	09	2010	SăoPaulo	Pequeno	-49.7547200000	-21.3727800000
12792	11.6	32	02	09	2010	SăoPaulo	Pequeno	-49.7547200000	-21.3727800000
12792	17.9	134	02	09	2010	SăoPaulo	Pequeno	-49.7547200000	-21.3727800000
12803	11.9	36	03	09	2010	SăoPaulo	Pequeno	-49.6747200000	-21.2016700000
12803	4.9	2	03	09	2010	SăoPaulo	Pequeno	-49.6747200000	-21.2016700000
13683	11.3	27	26	11	2010	SăoPaulo	Pequeno	-47.2863900000	-23.7736100000
13683	8.7	11	26	11	2010	SăoPaulo	Pequeno	-47.2863900000	-23.7736100000
13683	9.7	17	26	11	2010	SăoPaulo	Pequeno	-47.2863900000	-23.7736100000
13288	8	9	15	12	2010	SăoPaulo	Grande	-52.4266700000	-22.4813900000
13031	5.3	3	17	12	2010	SăoPaulo	Pequeno	-50.6841700000	-22.3841700000
14147	3.4	1	20	01	2011	SăoPaulo	Grande	-49.3366700000	-21.1072200000
14592	8.6	12	01	04	2011	SăoPaulo	Pequeno	-48.9702800000	-21.0988900000
15306	5.7	3	28	05	2011	MatoGrossodoSul	Grande	-51.4772200000	-20.4180600000
13949	14.9	67	15	06	2011	MinasGerais	Pequeno	-45.3302800000	-22.4941700000
13949	15.3	80	15	06	2011	MinasGerais	Pequeno	-45.3302800000	-22.4941700000
13949	14.7	60	15	06	2011	MinasGerais	Pequeno	-45.3302800000	-22.4941700000
13949	16.3	84	15	06	2011	MinasGerais	Pequeno	-45.3302800000	-22.4941700000
17534	13.5	55	08	08	2011	SăoPaulo	Grande	-47.7002800000	-21.5505600000
14035	7.4	6	08	08	2011	MinasGerais	Grande	-45.7722200000	-22.3786100000
14035	6.4	4	08	08	2011	MinasGerais	Grande	-45.7722200000	-22.3786100000
14098	12.3	28	27	08	2011	SăoPaulo	Pequeno	-50.1511100000	-21.7894400000
14333	10	20	30	08	2011	SăoPaulo	Grande	-52.2377800000	-22.3016700000
14333	3.5	1	30	08	2011	SăoPaulo	Grande	-52.2377800000	-22.3016700000
14842	15.5	68	01	09	2011	MinasGerais	Pequeno	-42.7658300000	-19.5202800000
14842	9	14	01	09	2011	MinasGerais	Pequeno	-42.7658300000	-19.5202800000
14842	10.7	21	01	09	2011	MinasGerais	Pequeno	-42.7658300000	-19.5202800000
14842	9.4	13	01	09	2011	MinasGerais	Pequeno	-42.7658300000	-19.5202800000
14842	6.7	5	01	09	2011	MinasGerais	Pequeno	-42.7658300000	-19.5202800000
14341	5.9	3	06	09	2011	SăoPaulo	Grande	-48.6338900000	-21.4938900000
14364	15.5	76	25	09	2011	SăoPaulo	Grande	-52.5538900000	-22.5938900000
14364	8	9	25	09	2011	SăoPaulo	Grande	-52.5538900000	-22.5938900000
15148	16.9	139	04	10	2011	SăoPaulo	Pequeno	-49.8786100000	-20.7238900000
15148	12.2	37	04	10	2011	SăoPaulo	Pequeno	-49.8786100000	-20.7238900000
14813	15.3	79	12	11	2011	SăoPaulo	Pequeno	-49.3975000000	-21.1736100000
14813	11.7	30	12	11	2011	SăoPaulo	Pequeno	-49.3975000000	-21.1736100000
14827	16.9	82	12	11	2011	SăoPaulo	Grande	-49.3933300000	-21.1911100000
14827	8.8	12	12	11	2011	SăoPaulo	Grande	-49.3933300000	-21.1911100000
15509	4.3	2	13	11	2011	SăoPaulo	Pequeno	-49.3011100000	-20.8891700000
15509	4.2	2	13	11	2011	SăoPaulo	Pequeno	-49.3011100000	-20.8891700000
15509	4	1	13	11	2011	SăoPaulo	Pequeno	-49.3011100000	-20.8891700000
16429	8	10	14	12	2011	SăoPaulo	Grande	-51.5433300000	-21.6497200000
15458	6.8	6	08	02	2012	SăoPaulo	Pequeno	-51.7233300000	-20.9927800000
15481	13.1	39	08	02	2012	SăoPaulo	Pequeno	-51.7013900000	-21.0005600000
17515	5.4	3	11	04	2012	SăoPaulo	Grande	-47.7002800000	-21.5505600000
15888	11.8	28	01	06	2012	SăoPaulo	Pequeno	-47.1486100000	-23.9141700000
16011	23	236	06	06	2012	Goias	Pequeno	-49.6013900000	-16.6191700000
15934	6.5	6	07	06	2012	Goias	Grande	-49.6013900000	-16.6191700000
16029	10.4	26	09	06	2012	Goias	Pequeno	-50.5586100000	-17.5419400000
16029	12.8	46	09	06	2012	Goias	Pequeno	-50.5586100000	-17.5419400000
15878	7.3	8	10	06	2012	Goias	Pequeno	-50.8044400000	-17.7836100000
15893	15.1	78	14	06	2012	MinasGerais	Grande	-50.3294400000	-19.3172200000
17608	10.6	21	25	07	2012	SăoPaulo	Grande	-49.3366700000	-21.1072200000
18491	8.5	11	31	10	2012	SăoPaulo	Pequeno	-48.4858300000	-22.0555600000
17724	15.1	69	15	12	2012	SăoPaulo	Pequeno	-47.7719400000	-21.9019400000
19286	15.7	92	14	05	2013	SăoPaulo	Grande	-50.3716700000	-20.6286100000
19286	11.3	30	14	05	2013	SăoPaulo	Grande	-50.3716700000	-20.6286100000
19286	10.5	24	14	05	2013	SăoPaulo	Grande	-50.3716700000	-20.6286100000
19286	10.6	22	14	05	2013	SăoPaulo	Grande	-50.3716700000	-20.6286100000
20049	23.5	261	01	04	2014	SăoPaulo	Pequeno	-46.9847200000	-21.9650000000
20199	7.4	8	31	12	2014	SăoPaulo	Pequeno	-49.3975000000	-21.1736100000
20199	5.2	3	31	12	2014	SăoPaulo	Pequeno	-49.3975000000	-21.1736100000
20199	4	1	31	12	2014	SăoPaulo	Pequeno	-49.3975000000	-21.1736100000
20199	4	1	31	12	2014	SăoPaulo	Pequeno	-49.3975000000	-21.1736100000
21063	16.6	77	01	12	2015	SăoPaulo	Pequeno	-45.5234166667	-22.9315277778
21063	12.9	35	01	12	2015	SăoPaulo	Pequeno	-45.5234166667	-22.9315277778
21063	9.1	13	01	12	2015	SăoPaulo	Pequeno	-45.5234166667	-22.9315277778
21330	19.4	142	10	01	2017	SăoPaulo	Pequeno	-47.7687805556	-23.3263888889
21330	6.4	5	10	01	2017	SăoPaulo	Pequeno	-47.7687805556	-23.3263888889
